data/AT30_cruise/at30_011.cnv
* Sea-Bird SBE 9 Data File:
* FileName = C:\data\ctd\at30_011.hdr
* Software Version Seasave V 7.21f
* Temperature SN = 2265
* Conductivity SN = 3021
* Number of Bytes Per Scan = 40
* Number of Voltage Words = 5
* Number of Scans Averaged by the Deck Unit = 1
* NMEA Latitude = 59 41.19 N
* NMEA Longitude = 039 21.93 W
* NMEA UTC (Time) = Aug 21 2015  19:14:51
** cal val post deployment at FLMB2
# nquan = 36
# nvalues = 5620                        
# units = specified
# name 0 = timeS: Time, Elapsed [seconds]
# name 1 = longitude: Longitude [deg]
# name 2 = latitude: Latitude [deg]
# name 3 = depSM: Depth [salt water, m]
# name 4 = prDM: Pressure, Digiquartz [db]
# name 5 = t090C: Temperature [ITS-90, deg C]
# name 6 = t190C: Temperature, 2 [ITS-90, deg C]
# name 7 = c0S/m: Conductivity [S/m]
# name 8 = c1S/m: Conductivity, 2 [S/m]
# name 9 = CStarTr0: Beam Transmission, WET Labs C-Star [%]
# name 10 = flECO-AFL: Fluorescence, WET Labs ECO-AFL/FL [mg/m^3]
# name 11 = sbeox0V: Oxygen raw, SBE 43 [V]
# name 12 = altM: Altimeter [m]
# name 13 = nbf: Bottles Fired
# name 14 = density00: Density [density, Kg/m^3]
# name 15 = density11: Density, 2 [density, Kg/m^3]
# name 16 = sal00: Salinity, Practical [PSU]
# name 17 = sal11: Salinity, Practical, 2 [PSU]
# name 18 = svCM: Sound Velocity [Chen-Millero, m/s]
# name 19 = svCM1: Sound Velocity, 2 [Chen-Millero, m/s]
# name 20 = timeS: Time, Elapsed [seconds]
# name 21 = sbeox0ML/L: Oxygen, SBE 43 [ml/l]
# name 22 = sbeox0PS: Oxygen, SBE 43 [% saturation]
# name 23 = dz/dtM: Descent Rate [m/s]
# name 24 = T2-T190C: Temperature Difference, 2 - 1 [ITS-90, deg C]
# name 25 = depSM: Depth [salt water, m], lat = 59.6865
# name 26 = density00: Density [density, Kg/m^3]
# name 27 = density11: Density, 2 [density, Kg/m^3]
# name 28 = sal00: Salinity, Practical [PSU]
# name 29 = sal11: Salinity, Practical, 2 [PSU]
# name 30 = svCM: Sound Velocity [Chen-Millero, m/s]
# name 31 = svCM1: Sound Velocity, 2 [Chen-Millero, m/s]
# name 32 = sbeox0ML/L: Oxygen, SBE 43 [ml/l], WS = 2
# name 33 = dz/dtM: Descent Rate [m/s], WS = 2
# name 34 = T2-T190C: Temperature Difference, 2 - 1 [ITS-90, deg C]
# name 35 = flag: flag
# span 0 =     30.320,   7783.471       
# span 1 =  -39.36548,  -39.33056       
# span 2 =   59.68236,   59.68650       
# span 3 =      1.000,   2811.000       
# span 4 =      1.009,   2856.943       
# span 5 =     1.5245,     8.7308       
# span 6 =     1.5254,     8.7304       
# span 7 =   3.148526,   3.676690       
# span 8 =   3.148560,   3.676630       
# span 9 =    93.6213,    97.5300       
# span 10 =    -0.0815,     1.9288      
# span 11 =     1.6755,     2.5431      
# span 12 =      18.93,     106.79      
# span 13 =          0,         12      
# span 14 =  1027.0594,  1041.0105      
# span 15 =  1027.0588,  1041.0099      
# span 16 =    34.8433,    34.9354      
# span 17 =    34.8400,    34.9380      
# span 18 =    1469.10,    1503.53      
# span 19 =    1469.11,    1503.53      
# span 20 =     30.320,   7783.471      
# span 21 =    6.00616,    7.00968      
# span 22 =   81.29258,  102.00510      
# span 23 =     -2.042,      1.733      
# span 24 =    -0.2827,     0.1060      
# span 25 =      1.000,   2811.000      
# span 26 =  1027.0600,  1041.0105      
# span 27 =  1027.0595,  1041.0100      
# span 28 =    34.8341,    34.9384      
# span 29 =    34.8459,    34.9405      
# span 30 =    1469.10,    1503.53      
# span 31 =    1469.10,    1503.53      
# span 32 =    6.00379,    7.01181      
# span 33 =     -2.044,      1.738      
# span 34 =    -0.2827,     0.1060      
# span 35 = 0.0000e+00, 0.0000e+00      
# interval = meters: 1                  
# start_time = Aug 21 2015 19:14:51 [NMEA time, header]
# bad_flag = -9.990e-29
*END*
[from data line 4514]
   5689.362  -39.34182   59.68402   1106.000   1119.506     3.4465     3.4472   3.244360   3.244397    97.4425    -0.0450     2.0476      98.73          6  1032.9005  1032.9001    34.8630    34.8628    1482.56    1482.56   5689.362    6.57783   89.49847     -1.603     0.0006   1106.000  1032.9004  1032.9001    34.8630    34.8627    1482.56    1482.56    6.58734     -1.748     0.0006 0.0000e+00
   5689.933  -39.34182   59.68402   1105.000   1118.491     3.4466     3.4472   3.244329   3.244354    97.4390    -0.0439     2.0484      98.73          6  1032.8959  1032.8955    34.8631    34.8627    1482.54    1482.54   5689.933    6.57638   89.47894     -1.709     0.0006   1105.000  1032.8959  1032.8955    34.8631    34.8627    1482.54    1482.54    6.59022     -1.744     0.0006 0.0000e+00
   5690.520  -39.34181   59.68402   1104.000   1117.476     3.4474     3.4476   3.244387   3.244346    97.4409    -0.0439     2.0487      98.73          6  1032.8912  1032.8909    34.8632    34.8627    1482.53    1482.53   5690.520    6.57876   89.51306     -1.754     0.0002   1104.000  1032.8915  1032.8909    34.8634    34.8627    1482.53    1482.53    6.59034     -1.662     0.0002 0.0000e+00
   5691.155  -39.34180   59.68402   1103.000   1116.461     3.4491     3.4489   3.244505   3.244451    97.4430    -0.0443     2.0488      98.73          6  1032.8865  1032.8861    34.8633    34.8628    1482.52    1482.52   5691.155    6.58228   89.56488     -1.719    -0.0002   1103.000  1032.8866  1032.8864    34.8635    34.8631    1482.52    1482.52    6.58966     -1.468    -0.0002 0.0000e+00
   5691.954  -39.34180   59.68402   1102.000   1115.447     3.4508     3.4500   3.244622   3.244546    97.4435    -0.0436     2.0484      98.73          6  1032.8817  1032.8817    34.8635    34.8633    1482.51    1482.51   5691.954    6.58703   89.63319     -1.524    -0.0008   1102.000  1032.8820  1032.8820    34.8637    34.8636    1482.51    1482.51    6.58684     -1.098    -0.0008 0.0000e+00
   5693.397  -39.34180   59.68402   1101.000   1114.432     3.4510     3.4510   3.244608   3.244610    97.4460    -0.0447     2.0476      98.73          6  1032.8773  1032.8772    34.8637    34.8636    1482.49    1482.49   5693.397    6.58667   89.62890     -0.880     0.0001   1101.000  1032.8774  1032.8773    34.8638    34.8638    1482.49    1482.49    6.58240     -0.580     0.0001 0.0000e+00
   5695.227  -39.34179   59.68402   1100.000   1113.417     3.4513     3.4518   3.244586   3.244603    97.4428    -0.0443     2.0471      98.73          6  1032.8726  1032.8723    34.8636    34.8633    1482.48    1482.48   5695.227    6.58203   89.56646     -0.496     0.0004   1100.000  1032.8727  1032.8723    34.8637    34.8634    1482.48    1482.48    6.57914     -0.736     0.0004 0.0000e+00
   5696.368  -39.34177   59.68402   1099.000   1112.402     3.4508     3.4514   3.244471   3.244516    97.4544    -0.0436     2.0471      98.73          6  1032.8679  1032.8677    34.8635    34.8633    1482.46    1482.46   5696.368    6.57903   89.52422     -0.785     0.0007   1099.000  1032.8679  1032.8677    34.8635    34.8633    1482.46    1482.46    6.57837     -0.940     0.0007 0.0000e+00
   5697.425  -39.34176   59.68401   1098.000   1111.387     3.4510     3.4513   3.244452   3.244476    97.4530    -0.0444     2.0472      98.73          6  1032.8633  1032.8632    34.8635    34.8634    1482.44    1482.44   5697.425    6.57763   89.50569     -0.945     0.0003   1098.000  1032.8633  1032.8633    34.8635    34.8635    1482.44    1482.44    6.57783     -0.898     0.0003 0.0000e+00
   5698.726  -39.34177   59.68401   1097.000   1110.372     3.4505     3.4510   3.244357   3.244420    97.4562    -0.0449     2.0469      98.73          6  1032.8588  1032.8589    34.8635    34.8638    1482.42    1482.43   5698.726    6.57692   89.49518     -0.844     0.0004   1097.000  1032.8586  1032.8588    34.8634    34.8637    1482.42    1482.43    6.57600     -0.738     0.0004 0.0000e+00
   5700.034  -39.34178   59.68402   1096.000   1109.357     3.4476     3.4487   3.244029   3.244107    97.4366    -0.0448     2.0464      98.73          6  1032.8541  1032.8539    34.8632    34.8630    1482.39    1482.40   5700.034    6.57688   89.48811     -0.722     0.0011   1096.000  1032.8540  1032.8538    34.8630    34.8629    1482.39    1482.40    6.57330     -0.989     0.0011 0.0000e+00
   5700.885  -39.34176   59.68402   1095.000   1108.342     3.4472     3.4490   3.243946   3.244097    97.4494    -0.0447     2.0469      98.73          6  1032.8496  1032.8492    34.8631    34.8631    1482.38    1482.38   5700.885    6.57514   89.46341     -0.949     0.0018   1095.000  1032.8495  1032.8491    34.8630    34.8629    1482.37    1482.38    6.57476     -1.320     0.0018 0.0000e+00
   5701.590  -39.34176   59.68402   1094.000   1107.328     3.4471     3.4480   3.243885   3.243958    97.4495    -0.0433     2.0479      98.73          6  1032.8448  1032.8447    34.8631    34.8630    1482.36    1482.36   5701.590    6.57247   89.42682     -1.224     0.0009   1094.000  1032.8448  1032.8446    34.8630    34.8628    1482.36    1482.36    6.57850     -1.495     0.0009 0.0000e+00
   5702.241  -39.34175   59.68402   1093.000   1106.313     3.4471     3.4478   3.243844   3.243898    97.4407    -0.0459     2.0486      98.73          6  1032.8403  1032.8401    34.8632    34.8629    1482.34    1482.34   5702.241    6.57036   89.39801     -1.428     0.0008   1093.000  1032.8402  1032.8400    34.8630    34.8628    1482.34    1482.34    6.58065     -1.538     0.0008 0.0000e+00
   5702.904  -39.34174   59.68402   1092.000   1105.298     3.4469     3.4479   3.243787   3.243847    97.4496    -0.0456     2.0490      98.73          6  1032.8357  1032.8353    34.8631    34.8628    1482.32    1482.33   5702.904    6.57232   89.42445     -1.530     0.0010   1092.000  1032.8356  1032.8352    34.8630    34.8627    1482.32    1482.33    6.58147     -1.462     0.0010 0.0000e+00
   5703.637  -39.34172   59.68402   1091.000   1104.283     3.4471     3.4477   3.243767   3.243793    97.4474    -0.0451     2.0499      98.73          6  1032.8311  1032.8308    34.8632    34.8629    1482.31    1482.31   5703.637    6.57630   89.47890     -1.500     0.0006   1091.000  1032.8311  1032.8307    34.8631    34.8628    1482.31    1482.31    6.58432     -1.315     0.0006 0.0000e+00
   5704.466  -39.34172   59.68402   1090.000   1103.268     3.4479     3.4479   3.243814   3.243782    97.4376    -0.0452     2.0507      98.73          6  1032.8264  1032.8262    34.8633    34.8629    1482.29    1482.29   5704.466    6.57894   89.51661     -1.345     0.0001   1090.000  1032.8265  1032.8262    34.8634    34.8629    1482.29    1482.29    6.58694     -1.175     0.0001 0.0000e+00
   5705.380  -39.34172   59.68402   1089.000   1102.253     3.4486     3.4484   3.243833   3.243801    97.4465    -0.0451     2.0509      98.73          6  1032.8218  1032.8217    34.8633    34.8631    1482.28    1482.28   5705.380    6.58097   89.54598     -1.185    -0.0002   1089.000  1032.8218  1032.8217    34.8633    34.8632    1482.28    1482.28    6.58642     -1.078    -0.0002 0.0000e+00
   5706.359  -39.34172   59.68401   1088.000   1101.238     3.4491     3.4492   3.243834   3.243828    97.4446    -0.0445     2.0509      98.73          6  1032.8170  1032.8169    34.8632    34.8631    1482.27    1482.27   5706.359    6.58466   89.59718     -1.078     0.0001   1088.000  1032.8170  1032.8169    34.8633    34.8631    1482.27    1482.27    6.58545     -0.986     0.0001 0.0000e+00
   5707.480  -39.34173   59.68400   1087.000   1100.224     3.4506     3.4504   3.243956   3.243914    97.4529    -0.0441     2.0508      98.73          6  1032.8124  1032.8123    34.8635    34.8633    1482.26    1482.25   5707.480    6.58458   89.59938     -0.966    -0.0001   1087.000  1032.8126  1032.8124    34.8637    34.8634    1482.26    1482.25    6.58405     -0.798    -0.0001 0.0000e+00
   5709.223  -39.34173   59.68402   1086.000   1099.209     3.4541     3.4544   3.244268   3.244292    97.4522    -0.0441     2.0503      98.73          6  1032.8077  1032.8076    34.8640    34.8639    1482.25    1482.25   5709.223    6.58268   89.58159     -0.626     0.0003   1086.000  1032.8079  1032.8079    34.8642    34.8642    1482.25    1482.26    6.58037     -0.483     0.0003 0.0000e+00
   5711.202  -39.34169   59.68402   1085.000   1098.194     3.4563     3.4564   3.244426   3.244402    97.4407    -0.0455     2.0496      98.73          6  1032.8030  1032.8027    34.8642    34.8640    1482.25    1482.25   5711.202    6.57909   89.53770     -0.453     0.0001   1085.000  1032.8031  1032.8027    34.8643    34.8639    1482.25    1482.25    6.57587     -0.812     0.0001 0.0000e+00
   5712.095  -39.34168   59.68402   1084.000   1097.179     3.4555     3.4558   3.244315   3.244323    97.4558    -0.0442     2.0500      98.73          6  1032.7985  1032.7982    34.8642    34.8639    1482.23    1482.23   5712.095    6.57722   89.51055     -0.821     0.0003   1084.000  1032.7985  1032.7983    34.8643    34.8641    1482.23    1482.23    6.57706     -1.294     0.0003 0.0000e+00
   5712.785  -39.34168   59.68400   1083.000   1096.164     3.4560     3.4563   3.244323   3.244318    97.4430    -0.0443     2.0507      98.73          6  1032.7938  1032.7935    34.8643    34.8639    1482.21    1482.21   5712.785    6.57468   89.47707     -1.155     0.0003   1083.000  1032.7939  1032.7936    34.8644    34.8641    1482.21    1482.21    6.57903     -1.574     0.0003 0.0000e+00
   5713.385  -39.34168   59.68400   1082.000   1095.150     3.4564     3.4569   3.244338   3.244342    97.4519    -0.0439     2.0517      98.73          6  1032.7893  1032.7888    34.8645    34.8640    1482.20    1482.20   5713.385    6.57373   89.46507     -1.434     0.0005   1082.000  1032.7896  1032.7891    34.8647    34.8643    1482.20    1482.20    6.58253     -1.694     0.0005 0.0000e+00
   5713.968  -39.34168   59.68400   1081.000   1094.135     3.4591     3.4587   3.244591   3.244501    97.4429    -0.0439     2.0520      98.73          6  1032.7845  1032.7842    34.8648    34.8642    1482.19    1482.19   5713.968    6.57419   89.47751     -1.629    -0.0004   1081.000  1032.7850  1032.7845    34.8654    34.8647    1482.19    1482.19    6.58231     -1.660    -0.0004 0.0000e+00
   5714.603  -39.34168   59.68400   1080.000   1093.120     3.4614     3.4611   3.244756   3.244676    97.4479    -0.0439     2.0520      98.73          6  1032.7799  1032.7795    34.8651    34.8646    1482.19    1482.18   5714.603    6.57428   89.48391     -1.696    -0.0003   1080.000  1032.7802  1032.7797    34.8654    34.8648    1482.19    1482.18    6.58102     -1.462    -0.0003 0.0000e+00
   5715.426  -39.34168   59.68400   1079.000   1092.105     3.4619     3.4618   3.244752   3.244729    97.4528    -0.0441     2.0517      98.73          6  1032.7753  1032.7750    34.8651    34.8649    1482.17    1482.17   5715.426    6.57857   89.54337     -1.509    -0.0001   1079.000  1032.7754  1032.7753    34.8654    34.8652    1482.17    1482.17    6.57862     -1.015    -0.0001 0.0000e+00
   5717.119  -39.34168   59.68401   1078.000   1091.090     3.4620     3.4622   3.244718   3.244729    97.4408    -0.0440     2.0505      98.73          6  1032.7706  1032.7705    34.8652    34.8651    1482.15    1482.15   5717.119    6.57840   89.54145     -0.673     0.0002   1078.000  1032.7708  1032.7706    34.8653    34.8653    1482.15    1482.16    6.57290     -0.495     0.0002 0.0000e+00
   5718.667  -39.34168   59.68402   1077.000   1090.076     3.4605     3.4617   3.244496   3.244582    97.4447    -0.0448     2.0507      98.73          6  1032.7659  1032.7655    34.8648    34.8645    1482.13    1482.13   5718.667    6.57242   89.45646     -0.585     0.0012   1077.000  1032.7659  1032.7656    34.8649    34.8646    1482.13    1482.14    6.57323     -0.969     0.0012 0.0000e+00
   5719.555  -39.34167   59.68401   1076.000   1089.061     3.4598     3.4612   3.244378   3.244484    97.4524    -0.0439     2.0507      98.73          6  1032.7612  1032.7610    34.8647    34.8646    1482.11    1482.12   5719.555    6.57212   89.45086     -0.942     0.0013   1076.000  1032.7612  1032.7609    34.8647    34.8645    1482.11    1482.12    6.57219     -1.239     0.0013 0.0000e+00
   5720.318  -39.34165   59.68400   1075.000   1088.046     3.4590     3.4602   3.244255   3.244365    97.4511    -0.0448     2.0513      98.73          6  1032.7567  1032.7565    34.8647    34.8646    1482.09    1482.10   5720.318    6.57159   89.44181     -1.184     0.0012   1075.000  1032.7566  1032.7565    34.8646    34.8646    1482.09    1482.10    6.57439     -1.382     0.0012 0.0000e+00
   5721.028  -39.34164   59.68400   1074.000   1087.031     3.4586     3.4596   3.244163   3.244249    97.4519    -0.0459     2.0522      98.73          6  1032.7521  1032.7518    34.8645    34.8644    1482.07    1482.08   5721.028    6.57083   89.43040     -1.342     0.0011   1074.000  1032.7520  1032.7517    34.8645    34.8644    1482.07    1482.08    6.57744     -1.417     0.0011 0.0000e+00
   5721.747  -39.34164   59.68400   1073.000   1086.017     3.4583     3.4591   3.244095   3.244154    97.4444    -0.0443     2.0522      98.73          6  1032.7474  1032.7472    34.8645    34.8644    1482.05    1482.06   5721.747    6.57029   89.42253     -1.416     0.0008   1073.000  1032.7473  1032.7472    34.8645    34.8643    1482.05    1482.06    6.57637     -1.351     0.0008 0.0000e+00
   5722.548  -39.34164   59.68400   1072.000   1085.002     3.4581     3.4588   3.244028   3.244081    97.4481    -0.0438     2.0520      98.73          6  1032.7427  1032.7426    34.8644    34.8643    1482.04    1482.04   5722.548    6.57384   89.47043     -1.372     0.0007   1072.000  1032.7427  1032.7426    34.8644    34.8643    1482.04    1482.04    6.57475     -1.146     0.0007 0.0000e+00
   5723.609  -39.34164   59.68400   1071.000   1083.987     3.4580     3.4584   3.243972   3.244012    97.4388    -0.0443     2.0518      98.73          6  1032.7382  1032.7380    34.8645    34.8644    1482.02    1482.02   5723.609    6.57469   89.48159     -1.117     0.0005   1071.000  1032.7380  1032.7380    34.8644    34.8644    1482.02    1482.02    6.57299     -0.808     0.0005 0.0000e+00
   5725.253  -39.34164   59.68400   1070.000   1082.972     3.4577     3.4582   3.243906   3.243947    97.4473    -0.0444     2.0514      98.73          6  1032.7335  1032.7334    34.8644    34.8644    1482.00    1482.00   5725.253    6.57272   89.45432     -0.648     0.0005   1070.000  1032.7335  1032.7334    34.8644    34.8643    1482.00    1482.00    6.57067     -0.586     0.0005 0.0000e+00
   5726.762  -39.34164   59.68400   1069.000   1081.958     3.4577     3.4584   3.243844   3.243894    97.4473    -0.0441     2.0519      98.73          6  1032.7288  1032.7285    34.8643    34.8641    1481.98    1481.99   5726.762    6.56948   89.40993     -0.635     0.0007   1069.000  1032.7288  1032.7285    34.8642    34.8641    1481.98    1481.99    6.57180     -0.817     0.0007 0.0000e+00
   5727.867  -39.34162   59.68400   1068.000   1080.943     3.4576     3.4583   3.243800   3.243847    97.4479    -0.0442     2.0519      98.73          6  1032.7242  1032.7240    34.8643    34.8642    1481.97    1481.97   5727.867    6.57019   89.41963     -0.842     0.0006   1068.000  1032.7241  1032.7240    34.8643    34.8642    1481.97    1481.97    6.57104     -1.010     0.0006 0.0000e+00
   5728.794  -39.34160   59.68400   1067.000   1079.928     3.4573     3.4581   3.243722   3.243784    97.3970    -0.0438     2.0519      98.73          6  1032.7195  1032.7194    34.8643    34.8641    1481.95    1481.95   5728.794    6.57043   89.42202     -1.001     0.0008   1067.000  1032.7195  1032.7192    34.8642    34.8641    1481.95    1481.95    6.57020     -1.166     0.0008 0.0000e+00
