data/AT30_cruise/at30_013.cnv
* Sea-Bird SBE 9 Data File:
* FileName = C:\data\ctd\at30_013.hdr
* Software Version Seasave V 7.21f
* Temperature SN = 2265
* Conductivity SN = 3021
* Number of Bytes Per Scan = 40
* Number of Voltage Words = 5
* Number of Scans Averaged by the Deck Unit = 1
* NMEA Latitude = 59 53.87 N
* NMEA Longitude = 039 34.33 W
* NMEA UTC (Time) = Aug 23 2015  21:20:25
** cal / val for SUMO 2
# nquan = 36
# nvalues = 2992                        
# units = specified
# name 0 = timeS: Time, Elapsed [seconds]
# name 1 = longitude: Longitude [deg]
# name 2 = latitude: Latitude [deg]
# name 3 = depSM: Depth [salt water, m]
# name 4 = prDM: Pressure, Digiquartz [db]
# name 5 = t090C: Temperature [ITS-90, deg C]
# name 6 = t190C: Temperature, 2 [ITS-90, deg C]
# name 7 = c0S/m: Conductivity [S/m]
# name 8 = c1S/m: Conductivity, 2 [S/m]
# name 9 = CStarTr0: Beam Transmission, WET Labs C-Star [%]
# name 10 = flECO-AFL: Fluorescence, WET Labs ECO-AFL/FL [mg/m^3]
# name 11 = sbeox0V: Oxygen raw, SBE 43 [V]
# name 12 = altM: Altimeter [m]
# name 13 = nbf: Bottles Fired
# name 14 = density00: Density [density, Kg/m^3]
# name 15 = density11: Density, 2 [density, Kg/m^3]
# name 16 = sal00: Salinity, Practical [PSU]
# name 17 = sal11: Salinity, Practical, 2 [PSU]
# name 18 = svCM: Sound Velocity [Chen-Millero, m/s]
# name 19 = svCM1: Sound Velocity, 2 [Chen-Millero, m/s]
# name 20 = timeS: Time, Elapsed [seconds]
# name 21 = sbeox0ML/L: Oxygen, SBE 43 [ml/l]
# name 22 = sbeox0PS: Oxygen, SBE 43 [% saturation]
# name 23 = dz/dtM: Descent Rate [m/s]
# name 24 = T2-T190C: Temperature Difference, 2 - 1 [ITS-90, deg C]
# name 25 = depSM: Depth [salt water, m], lat = 59.8978
# name 26 = density00: Density [density, Kg/m^3]
# name 27 = density11: Density, 2 [density, Kg/m^3]
# name 28 = sal00: Salinity, Practical [PSU]
# name 29 = sal11: Salinity, Practical, 2 [PSU]
# name 30 = svCM: Sound Velocity [Chen-Millero, m/s]
# name 31 = svCM1: Sound Velocity, 2 [Chen-Millero, m/s]
# name 32 = sbeox0ML/L: Oxygen, SBE 43 [ml/l], WS = 2
# name 33 = dz/dtM: Descent Rate [m/s], WS = 2
# name 34 = T2-T190C: Temperature Difference, 2 - 1 [ITS-90, deg C]
# name 35 = flag: flag
# span 0 =     68.287,   4678.762       
# span 1 =  -39.57922,  -39.57229       
# span 2 =   59.89799,   59.90061       
# span 3 =      3.000,   1502.000       
# span 4 =      3.029,   1521.819       
# span 5 =     3.4545,     8.4892       
# span 6 =     3.4549,     8.4897       
# span 7 =   3.247796,   3.656987       
# span 8 =   3.247871,   3.656922       
# span 9 =    93.2187,    97.7931       
# span 10 =    -0.0832,     1.8234      
# span 11 =     1.8586,     2.5259      
# span 12 =      63.75,     100.50      
# span 13 =          0,         10      
# span 14 =  1027.1316,  1034.7578      
# span 15 =  1027.1309,  1034.7573      
# span 16 =    34.8383,    35.0269      
# span 17 =    34.8387,    35.0274      
# span 18 =    1471.85,    1490.08      
# span 19 =    1471.84,    1490.08      
# span 20 =     68.287,   4678.762      
# span 21 =    5.99412,    6.80085      
# span 22 =   82.08559,  101.30892      
# span 23 =     -1.822,      1.728      
# span 24 =    -0.1866,     0.0940      
# span 25 =      3.000,   1502.000      
# span 26 =  1027.1317,  1034.7578      
# span 27 =  1027.1310,  1034.7573      
# span 28 =    34.8339,    35.0267      
# span 29 =    34.8340,    35.0266      
# span 30 =    1471.84,    1490.08      
# span 31 =    1471.83,    1490.08      
# span 32 =    5.99506,    6.79064      
# span 33 =     -1.833,      1.726      
# span 34 =    -0.1866,     0.0940      
# span 35 = 0.0000e+00, 0.0000e+00      
# interval = meters: 1                  
# start_time = Aug 23 2015 21:20:25 [NMEA time, header]
# bad_flag = -9.990e-29
*END*
[from data line 404]
    757.650  -39.57442   59.89880    414.000    418.360     3.9054     3.9053   3.258197   3.258197    97.6976    -0.0580     2.1875      98.72          0  1029.6637  1029.6637    34.9083    34.9083    1472.97    1472.97    757.650    6.47246   89.08102      0.829    -0.0001    414.000  1029.6628  1029.6630    34.9073    34.9074    1472.96    1472.96    6.48118      0.750    -0.0001 0.0000e+00
    758.888  -39.57442   59.89880    415.000    419.371     3.9061     3.9059   3.258327   3.258310    97.6972    -0.0591     2.1877      98.72          0  1029.6682  1029.6683    34.9083    34.9083    1472.99    1472.98    758.888    6.47926   89.17616      0.767    -0.0003    415.000  1029.6676  1029.6677    34.9075    34.9076    1472.98    1472.98    6.48268      0.934    -0.0003 0.0000e+00
    759.865  -39.57442   59.89880    416.000    420.383     3.9056     3.9056   3.258323   3.258340    97.6979    -0.0550     2.1874      98.72          0  1029.6730  1029.6731    34.9082    34.9084    1473.00    1473.00    759.865    6.48276   89.22314      0.936    -0.0000    416.000  1029.6724  1029.6726    34.9075    34.9077    1473.00    1473.00    6.48254      1.029    -0.0000 0.0000e+00
    760.907  -39.57442   59.89880    417.000    421.395     3.9032     3.9030   3.258109   3.258120    97.6860    -0.0513     2.1875      98.73          0  1029.6777  1029.6780    34.9079    34.9083    1473.01    1473.01    760.907    6.48491   89.24748      1.019    -0.0002    417.000  1029.6769  1029.6772    34.9069    34.9073    1473.00    1473.00    6.48415      0.862    -0.0002 0.0000e+00
    762.286  -39.57444   59.89880    418.000    422.406     3.8998     3.9001   3.257831   3.257859    97.6845    -0.0662     2.1882      98.72          0  1029.6824  1029.6824    34.9074    34.9075    1473.01    1473.01    762.286    6.48538   89.24619      0.787     0.0003    418.000  1029.6818  1029.6818    34.9067    34.9068    1473.01    1473.01    6.48809      0.726     0.0003 0.0000e+00
    763.530  -39.57444   59.89880    419.000    423.418     3.8934     3.8918   3.257180   3.257109    97.6574    -0.0598     2.1880      98.73          0  1029.6874  1029.6884    34.9070    34.9080    1473.00    1472.99    763.530    6.48860   89.27637      0.747    -0.0015    419.000  1029.6860  1029.6868    34.9053    34.9061    1472.99    1472.99    6.48945      1.006    -0.0015 0.0000e+00
    764.398  -39.57444   59.89880    420.000    424.429     3.8852     3.8842   3.256496   3.256421    97.6772    -0.0581     2.1868      98.72          0  1029.6925  1029.6925    34.9064    34.9063    1472.98    1472.97    764.398    6.49269   89.31449      0.970    -0.0010    420.000  1029.6917  1029.6919    34.9053    34.9055    1472.98    1472.97    6.48728      1.306    -0.0010 0.0000e+00
    765.106  -39.57444   59.89880    421.000    425.441     3.8851     3.8848   3.256531   3.256523    97.6948    -0.0590     2.1855      98.72          0  1029.6970  1029.6973    34.9062    34.9064    1472.99    1472.99    765.106    6.49454   89.33958      1.217    -0.0003    421.000  1029.6963  1029.6965    34.9053    34.9055    1472.99    1472.99    6.48277      1.475    -0.0003 0.0000e+00
    765.763  -39.57445   59.89880    422.000    426.452     3.8834     3.8833   3.256423   3.256437    97.6964    -0.0581     2.1846      98.72          0  1029.7018  1029.7020    34.9060    34.9063    1473.00    1473.00    765.763    6.49275   89.31123      1.412    -0.0001    422.000  1029.7012  1029.7014    34.9052    34.9055    1473.00    1473.00    6.48040      1.473    -0.0001 0.0000e+00
    766.479  -39.57446   59.89880    423.000    427.464     3.8833     3.8832   3.256454   3.256457    97.6912    -0.0529     2.1846      98.72          0  1029.7064  1029.7064    34.9060    34.9060    1473.02    1473.02    766.479    6.48980   89.27032      1.490    -0.0001    423.000  1029.7058  1029.7059    34.9052    34.9053    1473.02    1473.02    6.48128      1.235    -0.0001 0.0000e+00
    767.580  -39.57446   59.89880    424.000    428.476     3.8833     3.8833   3.256490   3.256508    97.6916    -0.0525     2.1846      98.73          0  1029.7109  1029.7109    34.9057    34.9059    1473.04    1473.04    767.580    6.48320   89.17942      1.161     0.0001    424.000  1029.7104  1029.7106    34.9051    34.9053    1473.04    1473.04    6.48248      0.775     0.0001 0.0000e+00
    769.123  -39.57446   59.89880    425.000    429.487     3.8833     3.8834   3.256541   3.256511    97.6964    -0.0669     2.1846      98.73          0  1029.7155  1029.7151    34.9056    34.9051    1473.05    1473.05    769.123    6.48436   89.19536      0.647     0.0001    425.000  1029.7151  1029.7147    34.9051    34.9046    1473.05    1473.05    6.48307      0.692     0.0001 0.0000e+00
    770.415  -39.57446   59.89882    426.000    430.499     3.8834     3.8835   3.256600   3.256612    97.6993    -0.0567     2.1848      98.72          0  1029.7201  1029.7201    34.9056    34.9057    1473.07    1473.07    770.415    6.48430   89.19470      0.737     0.0001    426.000  1029.7198  1029.7198    34.9052    34.9053    1473.07    1473.07    6.48468      0.837     0.0001 0.0000e+00
    771.589  -39.57448   59.89882    427.000    431.510     3.8833     3.8834   3.256642   3.256648    97.6673    -0.0574     2.1844      98.72          0  1029.7247  1029.7247    34.9056    34.9056    1473.09    1473.09    771.589    6.48486   89.20216      0.848     0.0001    427.000  1029.7245  1029.7245    34.9053    34.9053    1473.09    1473.09    6.48419      0.865     0.0001 0.0000e+00
    772.738  -39.57448   59.89882    428.000    432.522     3.8833     3.8834   3.256702   3.256718    97.6933    -0.0521     2.1851      98.72          0  1029.7295  1029.7296    34.9057    34.9058    1473.10    1473.10    772.738    6.48553   89.21157      0.868     0.0001    428.000  1029.7292  1029.7294    34.9054    34.9055    1473.10    1473.10    6.48759      0.939     0.0001 0.0000e+00
    773.743  -39.57448   59.89882    429.000    433.534     3.8834     3.8834   3.256760   3.256770    97.6859    -0.0593     2.1850      98.73          0  1029.7341  1029.7343    34.9057    34.9058    1473.12    1473.12    773.743    6.48660   89.22643      0.942     0.0000    429.000  1029.7340  1029.7341    34.9055    34.9056    1473.12    1473.12    6.48820      1.083     0.0000 0.0000e+00
    774.621  -39.57449   59.89882    430.000    434.545     3.8833     3.8833   3.256797   3.256801    97.6540    -0.0523     2.1850      98.73          0  1029.7389  1029.7389    34.9057    34.9058    1473.14    1473.14    774.621    6.48944   89.26525      1.069    -0.0001    430.000  1029.7386  1029.7388    34.9055    34.9056    1473.14    1473.14    6.48908      1.193    -0.0001 0.0000e+00
    775.441  -39.57450   59.89882    431.000    435.557     3.8828     3.8828   3.256794   3.256804    97.6889    -0.0516     2.1846      98.72          0  1029.7437  1029.7438    34.9057    34.9058    1473.15    1473.15    775.441    6.49016   89.27420      1.175    -0.0000    431.000  1029.7434  1029.7435    34.9054    34.9055    1473.15    1473.15    6.48843      1.260    -0.0000 0.0000e+00
    776.226  -39.57450   59.89882    432.000    436.569     3.8837     3.8838   3.256988   3.256991    97.6742    -0.0484     2.1839      98.73          0  1029.7484  1029.7482    34.9060    34.9056    1473.17    1473.17    776.226    6.49086   89.28585      1.248     0.0001    432.000  1029.7487  1029.7485    34.9063    34.9062    1473.17    1473.17    6.48636      1.272     0.0001 0.0000e+00
    777.034  -39.57450   59.89882    433.000    437.580     3.8882     3.8885   3.257518   3.257527    97.6886    -0.0474     2.1832      98.72          0  1029.7532  1029.7531    34.9068    34.9067    1473.21    1473.21    777.034    6.49021   89.28719      1.273     0.0003    433.000  1029.7535  1029.7533    34.9072    34.9070    1473.21    1473.21    6.48369      1.207     0.0003 0.0000e+00
    777.929  -39.57450   59.89882    434.000    438.592     3.8898     3.8899   3.257703   3.257723    97.6630    -0.0645     2.1826      98.72          0  1029.7578  1029.7579    34.9070    34.9072    1473.23    1473.23    777.929    6.48821   89.26332      1.214     0.0001    434.000  1029.7579  1029.7581    34.9072    34.9073    1473.23    1473.23    6.48168      1.036     0.0001 0.0000e+00
    779.049  -39.57450   59.89882    435.000    439.604     3.8901     3.8901   3.257759   3.257774    97.6943    -0.0663     2.1822      98.72          0  1029.7625  1029.7626    34.9069    34.9071    1473.25    1473.25    779.049    6.48513   89.22153      1.004     0.0000    435.000  1029.7625  1029.7626    34.9070    34.9072    1473.25    1473.25    6.48111      0.805     0.0000 0.0000e+00
    780.456  -39.57450   59.89882    436.000    440.615     3.8900     3.8901   3.257787   3.257821    97.7118    -0.0656     2.1820      98.73          0  1029.7671  1029.7672    34.9069    34.9071    1473.27    1473.27    780.456    6.48313   89.19372      0.746     0.0001    436.000  1029.7671  1029.7673    34.9069    34.9072    1473.27    1473.27    6.48119      0.716     0.0001 0.0000e+00
    781.775  -39.57451   59.89882    437.000    441.627     3.8898     3.8900   3.257835   3.257855    97.7079    -0.0599     2.1815      98.72          0  1029.7720  1029.7719    34.9071    34.9071    1473.28    1473.28    781.775    6.48281   89.18903      0.737     0.0002    437.000  1029.7720  1029.7720    34.9071    34.9071    1473.28    1473.28    6.48001      0.833     0.0002 0.0000e+00
    782.935  -39.57452   59.89882    438.000    442.639     3.8875     3.8883   3.257644   3.257738    97.6947    -0.0516     2.1813      98.73          0  1029.7767  1029.7770    34.9069    34.9073    1473.29    1473.29    782.935    6.48249   89.17961      0.846     0.0007    438.000  1029.7766  1029.7767    34.9067    34.9071    1473.29    1473.29    6.48053      0.879     0.0007 0.0000e+00
    784.083  -39.57452   59.89882    439.000    443.650     3.8864     3.8862   3.257559   3.257591    97.7010    -0.0456     2.1809      98.73          0  1029.7815  1029.7819    34.9069    34.9073    1473.30    1473.30    784.083    6.48205   89.17094      0.880    -0.0002    439.000  1029.7811  1029.7816    34.9064    34.9070    1473.30    1473.30    6.48001      0.888    -0.0002 0.0000e+00
    785.189  -39.57452   59.89882    440.000    444.662     3.8822     3.8821   3.257216   3.257234    97.7099    -0.0534     2.1803      98.72          0  1029.7864  1029.7866    34.9065    34.9069    1473.30    1473.30    785.189    6.48326   89.17837      0.892    -0.0000    440.000  1029.7861  1029.7864    34.9063    34.9065    1473.30    1473.30    6.47938      0.987    -0.0000 0.0000e+00
    786.130  -39.57454   59.89884    441.000    445.674     3.8822     3.8825   3.257302   3.257318    97.7099    -0.0575     2.1802      98.73          0  1029.7911  1029.7910    34.9066    34.9066    1473.32    1473.32    786.130    6.48245   89.16742      0.984     0.0002    441.000  1029.7911  1029.7911    34.9067    34.9066    1473.32    1473.32    6.47958      1.157     0.0002 0.0000e+00
    786.949  -39.57454   59.89883    442.000    446.685     3.8834     3.8832   3.257462   3.257469    97.7238    -0.0515     2.1800      98.73          0  1029.7959  1029.7961    34.9070    34.9072    1473.34    1473.34    786.949    6.48141   89.15578      1.127    -0.0001    442.000  1029.7958  1029.7960    34.9068    34.9071    1473.34    1473.34    6.47969      1.283    -0.0001 0.0000e+00
    787.712  -39.57454   59.89882    443.000    447.697     3.8824     3.8825   3.257424   3.257445    97.7186    -0.0442     2.1789      98.73          0  1029.8007  1029.8009    34.9070    34.9072    1473.35    1473.35    787.712    6.48140   89.15349      1.256     0.0001    443.000  1029.8007  1029.8008    34.9069    34.9070    1473.35    1473.35    6.47645      1.300     0.0001 0.0000e+00
    788.515  -39.57454   59.89882    444.000    448.709     3.8824     3.8824   3.257475   3.257483    97.7054    -0.0530     2.1787      98.73          0  1029.8054  1029.8054    34.9071    34.9071    1473.37    1473.37    788.515    6.48226   89.16543      1.302    -0.0000    444.000  1029.8054  1029.8054    34.9070    34.9071    1473.37    1473.37    6.47623      1.164    -0.0000 0.0000e+00
    789.519  -39.57456   59.89882    445.000    449.720     3.8825     3.8826   3.257535   3.257545    97.7088    -0.0508     2.1789      98.72          0  1029.8101  1029.8102    34.9070    34.9071    1473.38    1473.38    789.519    6.47950   89.12766      1.151     0.0000    445.000  1029.8101  1029.8101    34.9070    34.9071    1473.38    1473.38    6.47812      0.889     0.0000 0.0000e+00
    790.822  -39.57455   59.89882    446.000    450.732     3.8829     3.8830   3.257615   3.257630    97.7078    -0.0542     2.1789      98.72          0  1029.8147  1029.8148    34.9070    34.9071    1473.40    1473.40    790.822    6.47835   89.11267      0.825     0.0000    446.000  1029.8147  1029.8148    34.9070    34.9071    1473.40    1473.40    6.47867      0.790     0.0000 0.0000e+00
    791.992  -39.57454   59.89883    447.000    451.744     3.8821     3.8820   3.257586   3.257597    97.6919    -0.0832     2.1790      98.73          0  1029.8196  1029.8198    34.9072    34.9074    1473.42    1473.42    791.992    6.47971   89.12984      0.805    -0.0001    447.000  1029.8195  1029.8197    34.9069    34.9072    1473.42    1473.42    6.47998      1.015    -0.0001 0.0000e+00
    792.876  -39.57454   59.89884    448.000    452.755     3.8809     3.8804   3.257501   3.257495    97.7200    -0.0529     2.1788      98.73          0  1029.8243  1029.8246    34.9071    34.9073    1473.43    1473.43    792.876    6.48094   89.14388      0.989    -0.0004    448.000  1029.8241  1029.8245    34.9067    34.9071    1473.43    1473.43    6.48053      1.254    -0.0004 0.0000e+00
    793.623  -39.57454   59.89884    449.000    453.767     3.8766     3.8768   3.257131   3.257176    97.7178    -0.0511     2.1780      98.73          0  1029.8292  1029.8295    34.9068    34.9072    1473.43    1473.43    793.623    6.48310   89.16432      1.195     0.0002    449.000  1029.8289  1029.8291    34.9063    34.9067    1473.42    1473.43    6.47889      1.368     0.0002 0.0000e+00
    794.353  -39.57456   59.89884    450.000    454.779     3.8761     3.8761   3.257143   3.257164    97.7186    -0.0504     2.1770      98.73          0  1029.8339  1029.8341    34.9067    34.9069    1473.44    1473.44    794.353    6.48379   89.17257      1.341     0.0000    450.000  1029.8337  1029.8339    34.9065    34.9067    1473.44    1473.44    6.47594      1.286     0.0000 0.0000e+00
    795.254  -39.57456   59.89884    451.000    455.791     3.8761     3.8766   3.257199   3.257264    97.7117    -0.0511     2.1765      98.73          0  1029.8385  1029.8387    34.9067    34.9070    1473.46    1473.46    795.254    6.48239   89.15337      1.288     0.0005    451.000  1029.8385  1029.8386    34.9066    34.9068    1473.46    1473.46    6.47502      0.919     0.0005 0.0000e+00
    797.814  -39.57458   59.89884    452.000    456.802     3.8785     3.8779   3.257451   3.257401    97.7176    -0.0592     2.1764      98.72          0  1029.8428  1029.8429    34.9065    34.9066    1473.48    1473.48    797.814    6.47478   89.05390      0.338    -0.0006    452.000  1029.8428  1029.8429    34.9065    34.9065    1473.48    1473.48    6.47493      0.281    -0.0006 0.0000e+00
