data/AT30_cruise/at30_013.cnv
* Sea-Bird SBE 9 Data File:
* FileName = C:\data\ctd\at30_013.hdr
* Software Version Seasave V 7.21f
* Temperature SN = 2265
* Conductivity SN = 3021
* Number of Bytes Per Scan = 40
* Number of Voltage Words = 5
* Number of Scans Averaged by the Deck Unit = 1
* NMEA Latitude = 59 53.87 N
* NMEA Longitude = 039 34.33 W
* NMEA UTC (Time) = Aug 23 2015  21:20:25
** cal / val for SUMO 2
# nquan = 36
# nvalues = 2992                        
# units = specified
# name 0 = timeS: Time, Elapsed [seconds]
# name 1 = longitude: Longitude [deg]
# name 2 = latitude: Latitude [deg]
# name 3 = depSM: Depth [salt water, m]
# name 4 = prDM: Pressure, Digiquartz [db]
# name 5 = t090C: Temperature [ITS-90, deg C]
# name 6 = t190C: Temperature, 2 [ITS-90, deg C]
# name 7 = c0S/m: Conductivity [S/m]
# name 8 = c1S/m: Conductivity, 2 [S/m]
# name 9 = CStarTr0: Beam Transmission, WET Labs C-Star [%]
# name 10 = flECO-AFL: Fluorescence, WET Labs ECO-AFL/FL [mg/m^3]
# name 11 = sbeox0V: Oxygen raw, SBE 43 [V]
# name 12 = altM: Altimeter [m]
# name 13 = nbf: Bottles Fired
# name 14 = density00: Density [density, Kg/m^3]
# name 15 = density11: Density, 2 [density, Kg/m^3]
# name 16 = sal00: Salinity, Practical [PSU]
# name 17 = sal11: Salinity, Practical, 2 [PSU]
# name 18 = svCM: Sound Velocity [Chen-Millero, m/s]
# name 19 = svCM1: Sound Velocity, 2 [Chen-Millero, m/s]
# name 20 = timeS: Time, Elapsed [seconds]
# name 21 = sbeox0ML/L: Oxygen, SBE 43 [ml/l]
# name 22 = sbeox0PS: Oxygen, SBE 43 [% saturation]
# name 23 = dz/dtM: Descent Rate [m/s]
# name 24 = T2-T190C: Temperature Difference, 2 - 1 [ITS-90, deg C]
# name 25 = depSM: Depth [salt water, m], lat = 59.8978
# name 26 = density00: Density [density, Kg/m^3]
# name 27 = density11: Density, 2 [density, Kg/m^3]
# name 28 = sal00: Salinity, Practical [PSU]
# name 29 = sal11: Salinity, Practical, 2 [PSU]
# name 30 = svCM: Sound Velocity [Chen-Millero, m/s]
# name 31 = svCM1: Sound Velocity, 2 [Chen-Millero, m/s]
# name 32 = sbeox0ML/L: Oxygen, SBE 43 [ml/l], WS = 2
# name 33 = dz/dtM: Descent Rate [m/s], WS = 2
# name 34 = T2-T190C: Temperature Difference, 2 - 1 [ITS-90, deg C]
# name 35 = flag: flag
# span 0 =     68.287,   4678.762       
# span 1 =  -39.57922,  -39.57229       
# span 2 =   59.89799,   59.90061       
# span 3 =      3.000,   1502.000       
# span 4 =      3.029,   1521.819       
# span 5 =     3.4545,     8.4892       
# span 6 =     3.4549,     8.4897       
# span 7 =   3.247796,   3.656987       
# span 8 =   3.247871,   3.656922       
# span 9 =    93.2187,    97.7931       
# span 10 =    -0.0832,     1.8234      
# span 11 =     1.8586,     2.5259      
# span 12 =      63.75,     100.50      
# span 13 =          0,         10      
# span 14 =  1027.1316,  1034.7578      
# span 15 =  1027.1309,  1034.7573      
# span 16 =    34.8383,    35.0269      
# span 17 =    34.8387,    35.0274      
# span 18 =    1471.85,    1490.08      
# span 19 =    1471.84,    1490.08      
# span 20 =     68.287,   4678.762      
# span 21 =    5.99412,    6.80085      
# span 22 =   82.08559,  101.30892      
# span 23 =     -1.822,      1.728      
# span 24 =    -0.1866,     0.0940      
# span 25 =      3.000,   1502.000      
# span 26 =  1027.1317,  1034.7578      
# span 27 =  1027.1310,  1034.7573      
# span 28 =    34.8339,    35.0267      
# span 29 =    34.8340,    35.0266      
# span 30 =    1471.84,    1490.08      
# span 31 =    1471.83,    1490.08      
# span 32 =    5.99506,    6.79064      
# span 33 =     -1.833,      1.726      
# span 34 =    -0.1866,     0.0940      
# span 35 = 0.0000e+00, 0.0000e+00      
# interval = meters: 1                  
# start_time = Aug 23 2015 21:20:25 [NMEA time, header]
# bad_flag = -9.990e-29
*END*
[from data line 2419]
   3076.490  -39.57720   59.89984    575.000    581.283     3.7964     3.7961   3.255284   3.255225    97.7601    -0.0507     2.1552      98.73          2  1030.4222  1030.4219    34.9017    34.9012    1475.18    1475.18   3076.490    6.51024   89.36043     -1.157    -0.0003    575.000  1030.4224  1030.4221    34.9018    34.9014    1475.18    1475.18    6.51101     -1.412    -0.0003 0.0000e+00
   3077.184  -39.57720   59.89984    574.000    580.271     3.7968     3.7970   3.255265   3.255260    97.7556    -0.0524     2.1554      98.73          2  1030.4175  1030.4171    34.9016    34.9012    1475.17    1475.17   3077.184    6.50835   89.33520     -1.361     0.0002    574.000  1030.4176  1030.4174    34.9017    34.9014    1475.17    1475.17    6.51087     -1.392     0.0002 0.0000e+00
   3077.952  -39.57720   59.89984    573.000    579.258     3.7972     3.7971   3.255253   3.255249    97.7395    -0.0509     2.1562      98.73          2  1030.4128  1030.4128    34.9016    34.9016    1475.15    1475.15   3077.952    6.50807   89.33218     -1.409    -0.0001    573.000  1030.4128  1030.4130    34.9017    34.9017    1475.15    1475.15    6.51293     -1.205    -0.0001 0.0000e+00
   3078.917  -39.57720   59.89984    572.000    578.246     3.7972     3.7972   3.255225   3.255229    97.7481    -0.0521     2.1565      98.73          2  1030.4082  1030.4083    34.9017    34.9018    1475.14    1475.14   3078.917    6.50882   89.34276     -1.210    -0.0000    572.000  1030.4083  1030.4084    34.9019    34.9020    1475.14    1475.14    6.51333     -0.947    -0.0000 0.0000e+00
   3080.108  -39.57720   59.89984    571.000    577.234     3.7974     3.7973   3.255216   3.255191    97.7424    -0.0512     2.1573      98.73          2  1030.4037  1030.4037    34.9019    34.9018    1475.12    1475.12   3080.108    6.51153   89.38060     -0.910    -0.0002    571.000  1030.4038  1030.4037    34.9021    34.9019    1475.12    1475.12    6.51544     -0.832    -0.0002 0.0000e+00
   3081.307  -39.57718   59.89984    570.000    576.221     3.7974     3.7973   3.255146   3.255081    97.7538    -0.0521     2.1583      98.73          2  1030.3989  1030.3983    34.9018    34.9011    1475.10    1475.10   3081.307    6.51255   89.39436     -0.831    -0.0001    570.000  1030.3989  1030.3984    34.9018    34.9011    1475.10    1475.10    6.51883     -0.876    -0.0001 0.0000e+00
   3082.441  -39.57718   59.89984    569.000    575.209     3.7977     3.7975   3.255143   3.255112    97.7614    -0.0517     2.1583      98.73          2  1030.3943  1030.3943    34.9018    34.9018    1475.09    1475.09   3082.441    6.51456   89.42275     -0.881    -0.0003    569.000  1030.3943  1030.3943    34.9019    34.9018    1475.09    1475.09    6.51803     -0.869    -0.0003 0.0000e+00
   3083.653  -39.57721   59.89984    568.000    574.197     3.7979     3.7978   3.255102   3.255097    97.7585    -0.0517     2.1581      98.73          2  1030.3895  1030.3895    34.9018    34.9017    1475.07    1475.07   3083.653    6.51823   89.47337     -0.856    -0.0001    568.000  1030.3895  1030.3896    34.9018    34.9018    1475.07    1475.07    6.51622     -0.844    -0.0001 0.0000e+00
   3084.785  -39.57722   59.89984    567.000    573.185     3.7981     3.7982   3.255065   3.255067    97.7585    -0.0509     2.1579      98.73          2  1030.3848  1030.3846    34.9017    34.9016    1475.06    1475.06   3084.785    6.51550   89.43616     -0.852     0.0002    567.000  1030.3849  1030.3848    34.9018    34.9016    1475.06    1475.06    6.51452     -1.005     0.0002 0.0000e+00
   3085.702  -39.57723   59.89984    566.000    572.172     3.7987     3.7986   3.255088   3.255059    97.7644    -0.0504     2.1586      98.73          2  1030.3801  1030.3800    34.9018    34.9016    1475.04    1475.04   3085.702    6.51492   89.42970     -0.989    -0.0001    566.000  1030.3801  1030.3800    34.9019    34.9017    1475.04    1475.04    6.51640     -1.219    -0.0001 0.0000e+00
   3086.470  -39.57724   59.89984    565.000    571.160     3.7994     3.7993   3.255115   3.255066    97.7584    -0.0528     2.1589      98.73          2  1030.3754  1030.3750    34.9018    34.9013    1475.03    1475.03   3086.470    6.51276   89.40161     -1.168    -0.0001    565.000  1030.3755  1030.3751    34.9020    34.9015    1475.03    1475.03    6.51646     -1.363    -0.0001 0.0000e+00
   3087.185  -39.57722   59.89984    564.000    570.148     3.8003     3.8001   3.255158   3.255104    97.7600    -0.0512     2.1591      98.73          2  1030.3707  1030.3704    34.9019    34.9015    1475.01    1475.01   3087.185    6.51270   89.40283     -1.322    -0.0002    564.000  1030.3708  1030.3705    34.9021    34.9016    1475.02    1475.01    6.51626     -1.403    -0.0002 0.0000e+00
   3087.908  -39.57722   59.89984    563.000    569.135     3.8015     3.8013   3.255250   3.255178    97.7544    -0.0508     2.1595      98.73          2  1030.3660  1030.3656    34.9020    34.9016    1475.00    1475.00   3087.908    6.51362   89.41819     -1.399    -0.0002    563.000  1030.3663  1030.3658    34.9024    34.9018    1475.00    1475.00    6.51670     -1.334    -0.0002 0.0000e+00
   3088.715  -39.57722   59.89984    562.000    568.123     3.8037     3.8021   3.255399   3.255236    97.7507    -0.0515     2.1591      98.73          2  1030.3612  1030.3613    34.9022    34.9020    1475.00    1474.99   3088.715    6.51324   89.41783     -1.359    -0.0016    562.000  1030.3615  1030.3615    34.9024    34.9022    1475.00    1474.99    6.51383     -1.151    -0.0016 0.0000e+00
   3089.731  -39.57722   59.89983    561.000    567.111     3.8040     3.8028   3.255397   3.255261    97.7531    -0.0514     2.1587      98.73          2  1030.3567  1030.3566    34.9024    34.9021    1474.98    1474.98   3089.731    6.51431   89.43327     -1.140    -0.0012    561.000  1030.3568  1030.3567    34.9026    34.9023    1474.98    1474.98    6.51133     -0.885    -0.0012 0.0000e+00
   3091.096  -39.57722   59.89982    560.000    566.099     3.8045     3.8022   3.255395   3.255171    97.7534    -0.0518     2.1580      98.73          2  1030.3521  1030.3522    34.9025    34.9023    1474.97    1474.96   3091.096    6.51171   89.39854     -0.809    -0.0023    560.000  1030.3522  1030.3522    34.9026    34.9024    1474.97    1474.96    6.50789     -0.669    -0.0023 0.0000e+00
   3092.740  -39.57724   59.89982    559.000    565.086     3.8045     3.8038   3.255357   3.255282    97.7594    -0.0514     2.1575      98.73          2  1030.3474  1030.3474    34.9026    34.9024    1474.95    1474.95   3092.740    6.50743   89.33994     -0.616    -0.0007    559.000  1030.3475  1030.3475    34.9027    34.9025    1474.95    1474.95    6.50498     -0.635    -0.0007 0.0000e+00
   3094.130  -39.57724   59.89982    558.000    564.074     3.8056     3.8038   3.255399   3.255215    97.7526    -0.0512     2.1565      98.73          2  1030.3425  1030.3425    34.9024    34.9021    1474.94    1474.93   3094.130    6.50519   89.31149     -0.678    -0.0018    558.000  1030.3427  1030.3427    34.9025    34.9023    1474.94    1474.93    6.50000     -0.914    -0.0018 0.0000e+00
   3095.071  -39.57724   59.89982    557.000    563.062     3.8057     3.8053   3.255351   3.255307    97.7587    -0.0508     2.1566      98.73          2  1030.3378  1030.3376    34.9024    34.9021    1474.92    1474.92   3095.071    6.50259   89.27602     -0.905    -0.0004    557.000  1030.3379  1030.3378    34.9024    34.9023    1474.92    1474.92    6.49938     -1.239    -0.0004 0.0000e+00
   3095.801  -39.57724   59.89982    556.000    562.050     3.8053     3.8057   3.255277   3.255292    97.7585    -0.0512     2.1566      98.73          2  1030.3333  1030.3330    34.9025    34.9021    1474.90    1474.90   3095.801    6.49912   89.22744     -1.153     0.0004    556.000  1030.3333  1030.3330    34.9025    34.9022    1474.90    1474.90    6.49868     -1.446     0.0004 0.0000e+00
   3096.468  -39.57724   59.89982    555.000    561.037     3.8048     3.8055   3.255174   3.255230    97.7585    -0.0512     2.1569      98.73          2  1030.3286  1030.3285    34.9023    34.9023    1474.88    1474.89   3096.468    6.49785   89.20892     -1.369     0.0007    555.000  1030.3286  1030.3285    34.9023    34.9023    1474.88    1474.89    6.49887     -1.503     0.0007 0.0000e+00
   3097.141  -39.57724   59.89982    554.000    560.025     3.8050     3.8052   3.255149   3.255165    97.7570    -0.0512     2.1568      98.73          2  1030.3240  1030.3239    34.9024    34.9023    1474.87    1474.87   3097.141    6.49692   89.19646     -1.493     0.0003    554.000  1030.3240  1030.3239    34.9024    34.9023    1474.87    1474.87    6.49788     -1.386     0.0003 0.0000e+00
   3097.961  -39.57724   59.89982    553.000    559.013     3.8051     3.8050   3.255126   3.255118    97.7433    -0.0509     2.1572      98.73          2  1030.3192  1030.3193    34.9024    34.9024    1474.85    1474.85   3097.961    6.49669   89.19368     -1.418    -0.0001    553.000  1030.3193  1030.3193    34.9025    34.9025    1474.85    1474.85    6.49858     -1.100    -0.0001 0.0000e+00
   3099.066  -39.57724   59.89982    552.000    558.001     3.8053     3.8051   3.255101   3.255088    97.7574    -0.0519     2.1572      98.73          2  1030.3147  1030.3147    34.9025    34.9025    1474.84    1474.84   3099.066    6.49622   89.18774     -1.061    -0.0002    552.000  1030.3147  1030.3147    34.9025    34.9026    1474.84    1474.84    6.49773     -0.881    -0.0002 0.0000e+00
   3100.182  -39.57726   59.89982    551.000    556.988     3.8048     3.8052   3.255010   3.255055    97.7447    -0.0515     2.1588      98.73          2  1030.3101  1030.3101    34.9026    34.9026    1474.82    1474.82   3100.182    6.49719   89.19991     -0.870     0.0004    551.000  1030.3101  1030.3102    34.9025    34.9026    1474.82    1474.82    6.50322     -1.013     0.0004 0.0000e+00
   3101.100  -39.57726   59.89982    550.000    555.976     3.8048     3.8050   3.254949   3.254971    97.7474    -0.0512     2.1591      98.73          2  1030.3052  1030.3053    34.9023    34.9024    1474.80    1474.80   3101.100    6.49639   89.18897     -1.002     0.0002    550.000  1030.3052  1030.3052    34.9023    34.9023    1474.80    1474.80    6.50343     -1.121     0.0002 0.0000e+00
   3102.016  -39.57726   59.89982    549.000    554.964     3.8047     3.8048   3.254910   3.254915    97.7511    -0.0512     2.1593      98.73          2  1030.3008  1030.3007    34.9025    34.9024    1474.78    1474.78   3102.016    6.50069   89.24783     -1.110     0.0001    549.000  1030.3008  1030.3007    34.9025    34.9024    1474.78    1474.78    6.50355     -0.985     0.0001 0.0000e+00
   3103.362  -39.57726   59.89982    548.000    553.952     3.8046     3.8047   3.254867   3.254880    97.7564    -0.0521     2.1600      98.73          2  1030.2963  1030.2961    34.9027    34.9026    1474.77    1474.77   3103.362    6.50176   89.26235     -0.866     0.0001    548.000  1030.2961  1030.2961    34.9026    34.9026    1474.77    1474.77    6.50522     -0.639     0.0001 0.0000e+00
   3104.934  -39.57726   59.89982    547.000    552.940     3.8053     3.8056   3.254884   3.254893    97.7439    -0.0519     2.1601      98.73          2  1030.2914  1030.2913    34.9025    34.9024    1474.75    1474.75   3104.934    6.50471   89.30435     -0.591     0.0002    547.000  1030.2914  1030.2913    34.9026    34.9025    1474.75    1474.75    6.50484     -0.845     0.0002 0.0000e+00
   3105.909  -39.57726   59.89982    546.000    551.927     3.8057     3.8054   3.254860   3.254828    97.7386    -0.0522     2.1601      98.73          2  1030.2866  1030.2865    34.9025    34.9023    1474.74    1474.74   3105.909    6.50344   89.28769     -0.859    -0.0003    546.000  1030.2866  1030.2866    34.9025    34.9024    1474.74    1474.74    6.50372     -1.161    -0.0003 0.0000e+00
   3106.704  -39.57726   59.89982    545.000    550.915     3.8063     3.8064   3.254875   3.254883    97.7565    -0.0508     2.1601      98.73          2  1030.2819  1030.2819    34.9025    34.9024    1474.72    1474.72   3106.704    6.50292   89.28184     -1.113     0.0001    545.000  1030.2820  1030.2819    34.9026    34.9025    1474.72    1474.72    6.50275     -1.281     0.0001 0.0000e+00
   3107.490  -39.57726   59.89982    544.000    549.903     3.8068     3.8068   3.254906   3.254890    97.7585    -0.0519     2.1597      98.73          2  1030.2773  1030.2772    34.9027    34.9026    1474.71    1474.71   3107.490    6.50222   89.27350     -1.266     0.0000    544.000  1030.2775  1030.2773    34.9029    34.9027    1474.71    1474.71    6.50051     -1.262     0.0000 0.0000e+00
   3108.316  -39.57726   59.89984    543.000    548.891     3.8078     3.8076   3.254962   3.254914    97.7573    -0.0519     2.1594      98.73          2  1030.2727  1030.2725    34.9029    34.9026    1474.70    1474.70   3108.316    6.50092   89.25797     -1.271    -0.0002    543.000  1030.2728  1030.2726    34.9030    34.9027    1474.70    1474.70    6.49798     -1.196    -0.0002 0.0000e+00
   3109.186  -39.57726   59.89984    542.000    547.879     3.8094     3.8078   3.255061   3.254898    97.7520    -0.0512     2.1591      98.73          2  1030.2678  1030.2679    34.9029    34.9028    1474.69    1474.68   3109.186    6.49880   89.23225     -1.204    -0.0016    542.000  1030.2679  1030.2681    34.9030    34.9028    1474.69    1474.68    6.49569     -1.142    -0.0016 0.0000e+00
   3110.090  -39.57726   59.89984    541.000    546.866     3.8108     3.8093   3.255161   3.254994    97.7549    -0.0528     2.1599      98.73          2  1030.2632  1030.2631    34.9030    34.9028    1474.68    1474.67   3110.090    6.49645   89.20318     -1.147    -0.0015    541.000  1030.2633  1030.2632    34.9033    34.9029    1474.68    1474.67    6.49797     -1.046    -0.0015 0.0000e+00
   3111.181  -39.57726   59.89984    540.000    545.854     3.8110     3.8103   3.255127   3.255069    97.7513    -0.0514     2.1601      98.73          2  1030.2585  1030.2585    34.9031    34.9030    1474.66    1474.66   3111.181    6.49420   89.17277     -1.025    -0.0007    540.000  1030.2585  1030.2587    34.9032    34.9032    1474.66    1474.66    6.49757     -0.827    -0.0007 0.0000e+00
   3112.546  -39.57726   59.89984    539.000    544.842     3.8119     3.8113   3.255178   3.255108    97.7500    -0.0516     2.1600      98.73          2  1030.2539  1030.2538    34.9032    34.9031    1474.65    1474.65   3112.546    6.49678   89.21016     -0.772    -0.0006    539.000  1030.2539  1030.2539    34.9034    34.9032    1474.65    1474.65    6.49623     -0.789    -0.0006 0.0000e+00
   3113.674  -39.57726   59.89983    538.000    543.830     3.8124     3.8111   3.255176   3.255033    97.7573    -0.0529     2.1600      98.73          2  1030.2491  1030.2491    34.9032    34.9031    1474.63    1474.63   3113.674    6.49576   89.19720     -0.807    -0.0013    538.000  1030.2493  1030.2491    34.9034    34.9031    1474.63    1474.63    6.49534     -1.067    -0.0013 0.0000e+00
   3114.520  -39.57726   59.89983    537.000    542.818     3.8130     3.8129   3.255171   3.255151    97.7598    -0.0512     2.1612      98.73          2  1030.2444  1030.2441    34.9032    34.9028    1474.62    1474.62   3114.520    6.49431   89.17853     -1.028    -0.0001    537.000  1030.2444  1030.2444    34.9033    34.9031    1474.62    1474.62    6.49923     -1.283    -0.0001 0.0000e+00
