data/AT30_cruise/at30_011.cnv
* Sea-Bird SBE 9 Data File:
* FileName = C:\data\ctd\at30_011.hdr
* Software Version Seasave V 7.21f
* Temperature SN = 2265
* Conductivity SN = 3021
* Number of Bytes Per Scan = 40
* Number of Voltage Words = 5
* Number of Scans Averaged by the Deck Unit = 1
* NMEA Latitude = 59 41.19 N
* NMEA Longitude = 039 21.93 W
* NMEA UTC (Time) = Aug 21 2015  19:14:51
** cal val post deployment at FLMB2
# nquan = 36
# nvalues = 5620                        
# units = specified
# name 0 = timeS: Time, Elapsed [seconds]
# name 1 = longitude: Longitude [deg]
# name 2 = latitude: Latitude [deg]
# name 3 = depSM: Depth [salt water, m]
# name 4 = prDM: Pressure, Digiquartz [db]
# name 5 = t090C: Temperature [ITS-90, deg C]
# name 6 = t190C: Temperature, 2 [ITS-90, deg C]
# name 7 = c0S/m: Conductivity [S/m]
# name 8 = c1S/m: Conductivity, 2 [S/m]
# name 9 = CStarTr0: Beam Transmission, WET Labs C-Star [%]
# name 10 = flECO-AFL: Fluorescence, WET Labs ECO-AFL/FL [mg/m^3]
# name 11 = sbeox0V: Oxygen raw, SBE 43 [V]
# name 12 = altM: Altimeter [m]
# name 13 = nbf: Bottles Fired
# name 14 = density00: Density [density, Kg/m^3]
# name 15 = density11: Density, 2 [density, Kg/m^3]
# name 16 = sal00: Salinity, Practical [PSU]
# name 17 = sal11: Salinity, Practical, 2 [PSU]
# name 18 = svCM: Sound Velocity [Chen-Millero, m/s]
# name 19 = svCM1: Sound Velocity, 2 [Chen-Millero, m/s]
# name 20 = timeS: Time, Elapsed [seconds]
# name 21 = sbeox0ML/L: Oxygen, SBE 43 [ml/l]
# name 22 = sbeox0PS: Oxygen, SBE 43 [% saturation]
# name 23 = dz/dtM: Descent Rate [m/s]
# name 24 = T2-T190C: Temperature Difference, 2 - 1 [ITS-90, deg C]
# name 25 = depSM: Depth [salt water, m], lat = 59.6865
# name 26 = density00: Density [density, Kg/m^3]
# name 27 = density11: Density, 2 [density, Kg/m^3]
# name 28 = sal00: Salinity, Practical [PSU]
# name 29 = sal11: Salinity, Practical, 2 [PSU]
# name 30 = svCM: Sound Velocity [Chen-Millero, m/s]
# name 31 = svCM1: Sound Velocity, 2 [Chen-Millero, m/s]
# name 32 = sbeox0ML/L: Oxygen, SBE 43 [ml/l], WS = 2
# name 33 = dz/dtM: Descent Rate [m/s], WS = 2
# name 34 = T2-T190C: Temperature Difference, 2 - 1 [ITS-90, deg C]
# name 35 = flag: flag
# span 0 =     30.320,   7783.471       
# span 1 =  -39.36548,  -39.33056       
# span 2 =   59.68236,   59.68650       
# span 3 =      1.000,   2811.000       
# span 4 =      1.009,   2856.943       
# span 5 =     1.5245,     8.7308       
# span 6 =     1.5254,     8.7304       
# span 7 =   3.148526,   3.676690       
# span 8 =   3.148560,   3.676630       
# span 9 =    93.6213,    97.5300       
# span 10 =    -0.0815,     1.9288      
# span 11 =     1.6755,     2.5431      
# span 12 =      18.93,     106.79      
# span 13 =          0,         12      
# span 14 =  1027.0594,  1041.0105      
# span 15 =  1027.0588,  1041.0099      
# span 16 =    34.8433,    34.9354      
# span 17 =    34.8400,    34.9380      
# span 18 =    1469.10,    1503.53      
# span 19 =    1469.11,    1503.53      
# span 20 =     30.320,   7783.471      
# span 21 =    6.00616,    7.00968      
# span 22 =   81.29258,  102.00510      
# span 23 =     -2.042,      1.733      
# span 24 =    -0.2827,     0.1060      
# span 25 =      1.000,   2811.000      
# span 26 =  1027.0600,  1041.0105      
# span 27 =  1027.0595,  1041.0100      
# span 28 =    34.8341,    34.9384      
# span 29 =    34.8459,    34.9405      
# span 30 =    1469.10,    1503.53      
# span 31 =    1469.10,    1503.53      
# span 32 =    6.00379,    7.01181      
# span 33 =     -2.044,      1.738      
# span 34 =    -0.2827,     0.1060      
# span 35 = 0.0000e+00, 0.0000e+00      
# interval = meters: 1                  
# start_time = Aug 21 2015 19:14:51 [NMEA time, header]
# bad_flag = -9.990e-29
*END*
[from data line 4353]
   5444.305  -39.34312   59.68414   1267.000   1282.970     3.6272     3.6277   3.270422   3.270455    97.4592    -0.0439     1.9362      98.73          5  1033.6499  1033.6499    34.8996    34.8997    1486.08    1486.09   5444.305    6.19280   84.65289     -1.366     0.0005   1267.000  1033.6495  1033.6493    34.8991    34.8989    1486.08    1486.09    6.20434     -1.271     0.0005 0.0000e+00
   5445.141  -39.34312   59.68414   1266.000   1281.955     3.6261     3.6256   3.270242   3.270186    97.4685    -0.0446     1.9375      98.73          5  1033.6451  1033.6453    34.8993    34.8993    1486.06    1486.06   5445.141    6.19683   84.70567     -1.290    -0.0005   1266.000  1033.6447  1033.6447    34.8986    34.8985    1486.06    1486.06    6.20933     -1.155    -0.0005 0.0000e+00
   5446.081  -39.34312   59.68414   1265.000   1280.939     3.6251     3.6225   3.270121   3.269805    97.4718    -0.0447     1.9387      98.73          5  1033.6406  1033.6404    34.8993    34.8985    1486.04    1486.03   5446.081    6.20180   84.77156     -1.160    -0.0026   1265.000  1033.6403  1033.6399    34.8987    34.8978    1486.04    1486.03    6.21377     -1.028    -0.0026 0.0000e+00
   5447.134  -39.34312   59.68414   1264.000   1279.923     3.6253     3.6195   3.270091   3.269442    97.4698    -0.0436     1.9397      98.73          5  1033.6359  1033.6357    34.8990    34.8979    1486.02    1486.00   5447.134    6.20762   84.85122     -1.020    -0.0058   1264.000  1033.6356  1033.6351    34.8987    34.8971    1486.02    1486.00    6.21766     -0.934    -0.0058 0.0000e+00
   5448.239  -39.34312   59.68414   1263.000   1278.908     3.6225     3.6158   3.269697   3.268981    97.4669    -0.0444     1.9409      98.73          5  1033.6312  1033.6310    34.8986    34.8971    1486.00    1485.97   5448.239    6.21332   84.92313     -0.930    -0.0066   1263.000  1033.6304  1033.6301    34.8975    34.8960    1485.99    1485.96    6.22241     -0.940    -0.0066 0.0000e+00
   5449.291  -39.34311   59.68414   1262.000   1277.892     3.6148     3.6120   3.268826   3.268538    97.4706    -0.0442     1.9416      98.73          5  1033.6263  1033.6262    34.8969    34.8963    1485.94    1485.93   5449.291    6.21895   84.98318     -0.945    -0.0028   1262.000  1033.6255  1033.6255    34.8958    34.8954    1485.94    1485.93    6.22624     -0.955    -0.0028 0.0000e+00
   5450.405  -39.34310   59.68414   1261.000   1276.876     3.6121     3.6094   3.268557   3.268229    97.4602    -0.0444     1.9429      98.73          5  1033.6217  1033.6213    34.8965    34.8956    1485.91    1485.90   5450.405    6.22337   85.03757     -0.948    -0.0026   1261.000  1033.6213  1033.6208    34.8960    34.8949    1485.91    1485.90    6.23140     -0.825    -0.0026 0.0000e+00
   5451.841  -39.34310   59.68414   1260.000   1275.861     3.6163     3.6118   3.268941   3.268430    97.4731    -0.0444     1.9443      98.73          5  1033.6169  1033.6163    34.8970    34.8954    1485.92    1485.90   5451.841    6.22670   85.09222     -0.750    -0.0045   1260.000  1033.6167  1033.6162    34.8966    34.8953    1485.92    1485.90    6.23595     -0.692    -0.0045 0.0000e+00
   5453.148  -39.34308   59.68414   1259.000   1274.845     3.6128     3.6084   3.268406   3.267996    97.4743    -0.0448     1.9454      98.73          5  1033.6119  1033.6124    34.8959    34.8957    1485.88    1485.86   5453.148    6.23433   85.18861     -0.705    -0.0044   1259.000  1033.6108  1033.6113    34.8945    34.8943    1485.88    1485.86    6.24089     -1.000    -0.0044 0.0000e+00
   5454.011  -39.34308   59.68414   1258.000   1273.829     3.6072     3.6060   3.267902   3.267729    97.4657    -0.0449     1.9468      98.73          5  1033.6075  1033.6071    34.8952    34.8944    1485.84    1485.84   5454.011    6.23704   85.21363     -0.967    -0.0012   1258.000  1033.6073  1033.6068    34.8949    34.8941    1485.84    1485.84    6.24721     -1.270    -0.0012 0.0000e+00
   5454.750  -39.34308   59.68414   1257.000   1272.814     3.6035     3.6056   3.267313   3.267628    97.4690    -0.0443     1.9478      98.73          5  1033.6024  1033.6028    34.8939    34.8947    1485.81    1485.82   5454.750    6.23763   85.21327     -1.207     0.0021   1257.000  1033.6012  1033.6021    34.8923    34.8938    1485.81    1485.82    6.25128     -1.381     0.0021 0.0000e+00
   5455.480  -39.34308   59.68414   1256.000   1271.798     3.5999     3.6043   3.267013   3.267448    97.4606    -0.0439     1.9486      98.73          5  1033.5981  1033.5981    34.8937    34.8945    1485.78    1485.80   5455.480    6.24327   85.28284     -1.360     0.0044   1256.000  1033.5975  1033.5974    34.8930    34.8936    1485.77    1485.79    6.25483     -1.331     0.0044 0.0000e+00
   5456.291  -39.34308   59.68414   1255.000   1270.782     3.5983     3.6012   3.266788   3.267114    97.4683    -0.0446     1.9505      98.73          5  1033.5935  1033.5935    34.8935    34.8940    1485.75    1485.76   5456.291    6.24847   85.35025     -1.352     0.0030   1255.000  1033.5929  1033.5930    34.8927    34.8934    1485.75    1485.76    6.26249     -1.161     0.0030 0.0000e+00
   5457.258  -39.34308   59.68414   1254.000   1269.767     3.6000     3.5965   3.266925   3.266541    97.4733    -0.0448     1.9517      98.73          5  1033.5885  1033.5891    34.8932    34.8934    1485.74    1485.73   5457.258    6.25233   85.40638     -1.165    -0.0035   1254.000  1033.5883  1033.5881    34.8930    34.8921    1485.74    1485.73    6.26675     -1.011    -0.0035 0.0000e+00
   5458.272  -39.34308   59.68414   1253.000   1268.751     3.5975     3.5886   3.266486   3.265648    97.4611    -0.0444     1.9526      98.73          5  1033.5839  1033.5845    34.8927    34.8921    1485.71    1485.68   5458.272    6.26062   85.51406     -1.013    -0.0089   1253.000  1033.5824  1033.5831    34.8909    34.8904    1485.71    1485.67    6.27013     -1.029    -0.0089 0.0000e+00
   5459.231  -39.34307   59.68414   1252.000   1267.736     3.5840     3.5811   3.265117   3.264824    97.4710    -0.0435     1.9537      98.73          5  1033.5793  1033.5793    34.8907    34.8902    1485.64    1485.62   5459.231    6.26801   85.58576     -1.028    -0.0029   1252.000  1033.5784  1033.5784    34.8894    34.8890    1485.64    1485.62    6.27687     -1.078    -0.0029 0.0000e+00
   5460.162  -39.34306   59.68414   1251.000   1266.720     3.5843     3.5789   3.265170   3.264547    97.4663    -0.0445     1.9548      98.73          5  1033.5747  1033.5745    34.8907    34.8895    1485.62    1485.60   5460.162    6.27027   85.61734     -1.075    -0.0054   1251.000  1033.5743  1033.5737    34.8902    34.8885    1485.62    1485.60    6.28049     -1.084    -0.0054 0.0000e+00
   5461.112  -39.34306   59.68414   1250.000   1265.704     3.5797     3.5781   3.264557   3.264432    97.4660    -0.0438     1.9561      98.73          5  1033.5699  1033.5701    34.8898    34.8896    1485.58    1485.58   5461.112    6.27550   85.67838     -1.084    -0.0015   1250.000  1033.5688  1033.5692    34.8884    34.8885    1485.58    1485.58    6.28644     -1.042    -0.0015 0.0000e+00
   5462.126  -39.34304   59.68414   1249.000   1264.689     3.5770     3.5718   3.264179   3.263702    97.4727    -0.0439     1.9576      98.73          5  1033.5647  1033.5652    34.8886    34.8883    1485.55    1485.53   5462.126    6.28025   85.73695     -1.039    -0.0052   1249.000  1033.5637  1033.5643    34.8872    34.8871    1485.55    1485.53    6.29274     -0.955    -0.0052 0.0000e+00
   5463.257  -39.34304   59.68414   1248.000   1263.673     3.5744     3.5679   3.263909   3.263261    97.4671    -0.0441     1.9594      98.73          5  1033.5599  1033.5605    34.8880    34.8876    1485.53    1485.50   5463.257    6.28674   85.81972     -0.940    -0.0065   1248.000  1033.5594  1033.5597    34.8873    34.8864    1485.52    1485.50    6.30028     -0.849    -0.0065 0.0000e+00
   5464.518  -39.34304   59.68414   1247.000   1262.657     3.5731     3.5649   3.263716   3.262873    97.4655    -0.0441     1.9609      98.73          5  1033.5557  1033.5557    34.8882    34.8867    1485.50    1485.47   5464.518    6.29489   85.92842     -0.829    -0.0082   1247.000  1033.5547  1033.5547    34.8869    34.8855    1485.50    1485.47    6.30630     -0.795    -0.0082 0.0000e+00
   5465.773  -39.34304   59.68414   1246.000   1261.642     3.5637     3.5624   3.262716   3.262598    97.4682    -0.0443     1.9623      98.73          5  1033.5510  1033.5509    34.8866    34.8862    1485.44    1485.44   5465.773    6.30443   86.03802     -0.799    -0.0013   1246.000  1033.5502  1033.5503    34.8854    34.8853    1485.44    1485.44    6.31312     -0.846    -0.0013 0.0000e+00
   5466.930  -39.34304   59.68414   1245.000   1260.626     3.5623     3.5604   3.262557   3.262349    97.4584    -0.0439     1.9646      98.73          5  1033.5464  1033.5464    34.8863    34.8859    1485.42    1485.41   5466.930    6.30764   86.07886     -0.856    -0.0019   1245.000  1033.5458  1033.5457    34.8855    34.8850    1485.42    1485.41    6.32256     -0.886    -0.0019 0.0000e+00
   5468.087  -39.34302   59.68414   1244.000   1259.611     3.5601     3.5604   3.262262   3.262315    97.4564    -0.0443     1.9664      98.73          5  1033.5417  1033.5415    34.8859    34.8857    1485.39    1485.40   5468.087    6.31478   86.17130     -0.884     0.0003   1244.000  1033.5410  1033.5411    34.8849    34.8852    1485.39    1485.40    6.33029     -0.875     0.0003 0.0000e+00
   5469.216  -39.34301   59.68414   1243.000   1258.595     3.5555     3.5609   3.261709   3.262301    97.4697    -0.0435     1.9672      98.73          5  1033.5369  1033.5370    34.8847    34.8858    1485.36    1485.38   5469.216    6.32430   86.29082     -0.875     0.0055   1243.000  1033.5360  1033.5363    34.8837    34.8849    1485.36    1485.38    6.33375     -1.034     0.0055 0.0000e+00
   5470.082  -39.34300   59.68414   1242.000   1257.580     3.5524     3.5601   3.261158   3.262178    97.4693    -0.0459     1.9682      98.73          5  1033.5316  1033.5322    34.8834    34.8856    1485.33    1485.36   5470.082    6.33105   86.37555     -0.999     0.0078   1242.000  1033.5297  1033.5317    34.8809    34.8848    1485.32    1485.36    6.33781     -1.357     0.0078 0.0000e+00
   5470.751  -39.34300   59.68414   1241.000   1256.564     3.5411     3.5452   3.260180   3.260521    97.4612    -0.0435     1.9699      98.73          5  1033.5276  1033.5283    34.8823    34.8839    1485.26    1485.28   5470.751    6.33316   86.38013     -1.231     0.0040   1241.000  1033.5271  1033.5264    34.8817    34.8815    1485.26    1485.28    6.34634     -1.610     0.0040 0.0000e+00
   5471.338  -39.34300   59.68414   1240.000   1255.548     3.5388     3.5406   3.259592   3.259970    97.4557    -0.0438     1.9715      98.73          5  1033.5221  1033.5231    34.8808    34.8824    1485.23    1485.24   5471.338    6.33480   86.39661     -1.472     0.0018   1240.000  1033.5197  1033.5214    34.8777    34.8802    1485.23    1485.24    6.35309     -1.748     0.0018 0.0000e+00
   5471.905  -39.34300   59.68414   1239.000   1254.533     3.5309     3.5341   3.258896   3.259272    97.4577    -0.0454     1.9724      98.73          5  1033.5179  1033.5184    34.8801    34.8813    1485.18    1485.19   5471.905    6.33759   86.41765     -1.662     0.0032   1239.000  1033.5165  1033.5170    34.8783    34.8794    1485.18    1485.19    6.35760     -1.775     0.0032 0.0000e+00
   5472.475  -39.34300   59.68414   1238.000   1253.517     3.5264     3.5319   3.258405   3.258999    97.4521    -0.0449     1.9733      98.73          5  1033.5134  1033.5133    34.8795    34.8803    1485.14    1485.17   5472.475    6.34368   86.49068     -1.765     0.0056   1238.000  1033.5121  1033.5122    34.8778    34.8789    1485.14    1485.17    6.36174     -1.703     0.0056 0.0000e+00
   5473.095  -39.34300   59.68414   1237.000   1252.502     3.5230     3.5277   3.258030   3.258525    97.4624    -0.0448     1.9745      98.73          5  1033.5088  1033.5089    34.8789    34.8798    1485.11    1485.13   5473.095    6.35063   86.57806     -1.756     0.0047   1237.000  1033.5076  1033.5077    34.8773    34.8782    1485.11    1485.13    6.36676     -1.508     0.0047 0.0000e+00
   5473.862  -39.34300   59.68414   1236.000   1251.486     3.5218     3.5261   3.257879   3.258340    97.4584    -0.0439     1.9759      98.73          5  1033.5042  1033.5043    34.8786    34.8796    1485.09    1485.11   5473.862    6.35678   86.65923     -1.581     0.0043   1236.000  1033.5031  1033.5033    34.8773    34.8783    1485.09    1485.11    6.37237     -1.114     0.0043 0.0000e+00
   5476.656  -39.34298   59.68414   1235.000   1250.471     3.5232     3.5253   3.258046   3.258249    97.4527    -0.0441     1.9803      98.73          5  1033.4996  1033.4995    34.8790    34.8792    1485.08    1485.09   5476.656    6.37863   86.96011     -0.313     0.0021   1235.000  1033.4991  1033.4989    34.8784    34.8785    1485.08    1485.09    6.39047     -0.220     0.0021 0.0000e+00
   5479.053  -39.34296   59.68412   1234.000   1249.455     3.5208     3.5264   3.257558   3.258276    97.4538    -0.0446     1.9825      98.73          5  1033.4940  1033.4945    34.8775    34.8789    1485.05    1485.07   5479.053    6.39077   87.11971     -0.561     0.0057   1234.000  1033.4927  1033.4939    34.8756    34.8782    1485.05    1485.07    6.39981     -1.178     0.0057 0.0000e+00
   5479.776  -39.34296   59.68412   1233.000   1248.440     3.5176     3.5232   3.257428   3.257868    97.4594    -0.0429     1.9830      98.73          5  1033.4900  1033.4900    34.8776    34.8785    1485.02    1485.04   5479.776    6.39323   87.14645     -1.043     0.0056   1233.000  1033.4902  1033.4890    34.8780    34.8773    1485.02    1485.04    6.40180     -1.491     0.0056 0.0000e+00
   5480.404  -39.34296   59.68412   1232.000   1247.424     3.5092     3.5129   3.255926   3.256659    97.4483    -0.0438     1.9839      98.73          5  1033.4844  1033.4861    34.8749    34.8777    1484.96    1484.98   5480.404    6.39588   87.16325     -1.362     0.0037   1232.000  1033.4800  1033.4834    34.8694    34.8743    1484.96    1484.98    6.40670     -1.618     0.0037 0.0000e+00
   5481.020  -39.34296   59.68412   1231.000   1246.409     3.4873     3.4936   3.253932   3.254648    97.4502    -0.0444     1.9852      98.73          5  1033.4806  1033.4818    34.8724    34.8749    1484.85    1484.88   5481.020    6.40364   87.22084     -1.560     0.0063   1231.000  1033.4781  1033.4789    34.8694    34.8712    1484.85    1484.88    6.41517     -1.626     0.0063 0.0000e+00
   5481.649  -39.34296   59.68412   1230.000   1245.393     3.4822     3.4872   3.253565   3.254001    97.4544    -0.0439     1.9865      98.73          5  1033.4762  1033.4760    34.8719    34.8723    1484.81    1484.83   5481.649    6.40566   87.23726     -1.633     0.0049   1230.000  1033.4755  1033.4747    34.8709    34.8709    1484.81    1484.83    6.42109     -1.555     0.0049 0.0000e+00
   5482.333  -39.34296   59.68413   1229.000   1244.377     3.4835     3.4857   3.253604   3.253811    97.4534    -0.0442     1.9880      98.73          5  1033.4714  1033.4714    34.8719    34.8722    1484.80    1484.81   5482.333    6.40835   87.27660     -1.594     0.0022   1229.000  1033.4703  1033.4702    34.8705    34.8707    1484.80    1484.81    6.42676     -1.435     0.0022 0.0000e+00
