data/AT30_cruise/at30_011.cnv
* Sea-Bird SBE 9 Data File:
* FileName = C:\data\ctd\at30_011.hdr
* Software Version Seasave V 7.21f
* Temperature SN = 2265
* Conductivity SN = 3021
* Number of Bytes Per Scan = 40
* Number of Voltage Words = 5
* Number of Scans Averaged by the Deck Unit = 1
* NMEA Latitude = 59 41.19 N
* NMEA Longitude = 039 21.93 W
* NMEA UTC (Time) = Aug 21 2015  19:14:51
** cal val post deployment at FLMB2
# nquan = 36
# nvalues = 5620                        
# units = specified
# name 0 = timeS: Time, Elapsed [seconds]
# name 1 = longitude: Longitude [deg]
# name 2 = latitude: Latitude [deg]
# name 3 = depSM: Depth [salt water, m]
# name 4 = prDM: Pressure, Digiquartz [db]
# name 5 = t090C: Temperature [ITS-90, deg C]
# name 6 = t190C: Temperature, 2 [ITS-90, deg C]
# name 7 = c0S/m: Conductivity [S/m]
# name 8 = c1S/m: Conductivity, 2 [S/m]
# name 9 = CStarTr0: Beam Transmission, WET Labs C-Star [%]
# name 10 = flECO-AFL: Fluorescence, WET Labs ECO-AFL/FL [mg/m^3]
# name 11 = sbeox0V: Oxygen raw, SBE 43 [V]
# name 12 = altM: Altimeter [m]
# name 13 = nbf: Bottles Fired
# name 14 = density00: Density [density, Kg/m^3]
# name 15 = density11: Density, 2 [density, Kg/m^3]
# name 16 = sal00: Salinity, Practical [PSU]
# name 17 = sal11: Salinity, Practical, 2 [PSU]
# name 18 = svCM: Sound Velocity [Chen-Millero, m/s]
# name 19 = svCM1: Sound Velocity, 2 [Chen-Millero, m/s]
# name 20 = timeS: Time, Elapsed [seconds]
# name 21 = sbeox0ML/L: Oxygen, SBE 43 [ml/l]
# name 22 = sbeox0PS: Oxygen, SBE 43 [% saturation]
# name 23 = dz/dtM: Descent Rate [m/s]
# name 24 = T2-T190C: Temperature Difference, 2 - 1 [ITS-90, deg C]
# name 25 = depSM: Depth [salt water, m], lat = 59.6865
# name 26 = density00: Density [density, Kg/m^3]
# name 27 = density11: Density, 2 [density, Kg/m^3]
# name 28 = sal00: Salinity, Practical [PSU]
# name 29 = sal11: Salinity, Practical, 2 [PSU]
# name 30 = svCM: Sound Velocity [Chen-Millero, m/s]
# name 31 = svCM1: Sound Velocity, 2 [Chen-Millero, m/s]
# name 32 = sbeox0ML/L: Oxygen, SBE 43 [ml/l], WS = 2
# name 33 = dz/dtM: Descent Rate [m/s], WS = 2
# name 34 = T2-T190C: Temperature Difference, 2 - 1 [ITS-90, deg C]
# name 35 = flag: flag
# span 0 =     30.320,   7783.471       
# span 1 =  -39.36548,  -39.33056       
# span 2 =   59.68236,   59.68650       
# span 3 =      1.000,   2811.000       
# span 4 =      1.009,   2856.943       
# span 5 =     1.5245,     8.7308       
# span 6 =     1.5254,     8.7304       
# span 7 =   3.148526,   3.676690       
# span 8 =   3.148560,   3.676630       
# span 9 =    93.6213,    97.5300       
# span 10 =    -0.0815,     1.9288      
# span 11 =     1.6755,     2.5431      
# span 12 =      18.93,     106.79      
# span 13 =          0,         12      
# span 14 =  1027.0594,  1041.0105      
# span 15 =  1027.0588,  1041.0099      
# span 16 =    34.8433,    34.9354      
# span 17 =    34.8400,    34.9380      
# span 18 =    1469.10,    1503.53      
# span 19 =    1469.11,    1503.53      
# span 20 =     30.320,   7783.471      
# span 21 =    6.00616,    7.00968      
# span 22 =   81.29258,  102.00510      
# span 23 =     -2.042,      1.733      
# span 24 =    -0.2827,     0.1060      
# span 25 =      1.000,   2811.000      
# span 26 =  1027.0600,  1041.0105      
# span 27 =  1027.0595,  1041.0100      
# span 28 =    34.8341,    34.9384      
# span 29 =    34.8459,    34.9405      
# span 30 =    1469.10,    1503.53      
# span 31 =    1469.10,    1503.53      
# span 32 =    6.00379,    7.01181      
# span 33 =     -2.044,      1.738      
# span 34 =    -0.2827,     0.1060      
# span 35 = 0.0000e+00, 0.0000e+00      
# interval = meters: 1                  
# start_time = Aug 21 2015 19:14:51 [NMEA time, header]
# bad_flag = -9.990e-29
*END*
[from data line 2419]
   2820.852  -39.35542   59.68544   2421.000   2458.296     2.7558     2.7565   3.243201   3.243224    97.4874    -0.0443     1.6839      98.73          0  1039.0754  1039.0750    34.9262    34.9257    1502.13    1502.13   2820.852    6.08874   81.48331      1.134     0.0007   2421.000  1039.0751  1039.0746    34.9258    34.9253    1502.13    1502.13    6.08722      0.902     0.0007 0.0000e+00
   2822.353  -39.35541   59.68544   2422.000   2459.317     2.7539     2.7545   3.243047   3.243068    97.4932    -0.0440     1.6839      98.73          0  1039.0800  1039.0796    34.9258    34.9255    1502.14    1502.14   2822.353    6.08865   81.47805      0.753     0.0006   2422.000  1039.0796  1039.0792    34.9254    34.9251    1502.14    1502.14    6.08851      0.592     0.0006 0.0000e+00
   2823.912  -39.35540   59.68544   2423.000   2460.338     2.7526     2.7535   3.242995   3.243028    97.4838    -0.0436     1.6840      98.73          0  1039.0848  1039.0842    34.9260    34.9254    1502.15    1502.16   2823.912    6.08954   81.48751      0.601     0.0009   2423.000  1039.0846  1039.0840    34.9257    34.9251    1502.15    1502.16    6.09026      0.873     0.0009 0.0000e+00
   2824.885  -39.35542   59.68544   2424.000   2461.360     2.7521     2.7527   3.242996   3.243005    97.4883    -0.0442     1.6842      98.73          0  1039.0895  1039.0890    34.9260    34.9255    1502.17    1502.17   2824.885    6.09074   81.50247      0.882     0.0006   2424.000  1039.0892  1039.0887    34.9258    34.9252    1502.17    1502.17    6.09199      1.148     0.0006 0.0000e+00
   2825.713  -39.35542   59.68544   2425.000   2462.381     2.7519     2.7524   3.243024   3.243018    97.4914    -0.0439     1.6840      98.73          0  1039.0941  1039.0935    34.9261    34.9255    1502.18    1502.19   2825.713    6.09231   81.52322      1.116     0.0005   2425.000  1039.0939  1039.0934    34.9258    34.9253    1502.18    1502.19    6.09196      1.237     0.0005 0.0000e+00
   2826.536  -39.35541   59.68544   2426.000   2463.402     2.7515     2.7522   3.243016   3.243042    97.4887    -0.0442     1.6840      98.73          0  1039.0986  1039.0981    34.9260    34.9256    1502.20    1502.20   2826.536    6.09324   81.53479      1.230     0.0007   2426.000  1039.0984  1039.0979    34.9257    34.9252    1502.20    1502.20    6.09256      1.214     0.0007 0.0000e+00
   2827.402  -39.35540   59.68544   2427.000   2464.423     2.7499     2.7504   3.242912   3.242917    97.4946    -0.0442     1.6840      98.73          0  1039.1035  1039.1029    34.9261    34.9255    1502.21    1502.21   2827.402    6.09459   81.54960      1.220     0.0005   2427.000  1039.1031  1039.1027    34.9257    34.9252    1502.21    1502.21    6.09370      1.160     0.0005 0.0000e+00
   2828.298  -39.35540   59.68544   2428.000   2465.445     2.7471     2.7478   3.242683   3.242709    97.4957    -0.0442     1.6840      98.73          0  1039.1083  1039.1079    34.9259    34.9255    1502.22    1502.22   2828.298    6.09507   81.55033      1.165     0.0007   2428.000  1039.1079  1039.1075    34.9254    34.9250    1502.21    1502.22    6.09507      1.144     0.0007 0.0000e+00
   2829.187  -39.35540   59.68544   2429.000   2466.466     2.7449     2.7455   3.242530   3.242548    97.4933    -0.0435     1.6839      98.73          0  1039.1132  1039.1127    34.9258    34.9254    1502.22    1502.22   2829.187    6.09632   81.56245      1.144     0.0007   2429.000  1039.1128  1039.1123    34.9255    34.9250    1502.22    1502.22    6.09602      1.142     0.0007 0.0000e+00
   2830.095  -39.35538   59.68544   2430.000   2467.487     2.7441     2.7447   3.242509   3.242540    97.4898    -0.0445     1.6836      98.73          0  1039.1180  1039.1177    34.9262    34.9259    1502.24    1502.24   2830.095    6.09729   81.57424      1.143     0.0006   2430.000  1039.1176  1039.1172    34.9255    34.9252    1502.24    1502.24    6.09495      1.057     0.0006 0.0000e+00
   2831.191  -39.35537   59.68544   2431.000   2468.509     2.7393     2.7399   3.242087   3.242104    97.4918    -0.0448     1.6830      98.73          0  1039.1229  1039.1224    34.9256    34.9252    1502.23    1502.24   2831.191    6.09885   81.58488      1.029     0.0006   2431.000  1039.1224  1039.1219    34.9251    34.9246    1502.23    1502.23    6.09362      0.787     0.0006 0.0000e+00
   2833.072  -39.35537   59.68544   2432.000   2469.530     2.7398     2.7394   3.242164   3.242091    97.4942    -0.0444     1.6829      98.73          0  1039.1271  1039.1268    34.9253    34.9248    1502.25    1502.25   2833.072    6.09482   81.53178      0.562    -0.0003   2432.000  1039.1270  1039.1266    34.9250    34.9245    1502.25    1502.25    6.09391      0.464    -0.0003 0.0000e+00
   2834.888  -39.35538   59.68544   2433.000   2470.551     2.7383     2.7392   3.242073   3.242118    97.4971    -0.0455     1.6837      98.73          0  1039.1320  1039.1315    34.9255    34.9249    1502.26    1502.27   2834.888    6.09513   81.53317      0.528     0.0009   2433.000  1039.1316  1039.1312    34.9250    34.9246    1502.26    1502.27    6.09896      0.835     0.0009 0.0000e+00
   2835.881  -39.35538   59.68544   2434.000   2471.572     2.7334     2.7341   3.241704   3.241714    97.4839    -0.0431     1.6840      98.73          0  1039.1375  1039.1370    34.9256    34.9252    1502.26    1502.26   2835.881    6.09782   81.55943      0.853     0.0006   2434.000  1039.1371  1039.1366    34.9252    34.9247    1502.26    1502.26    6.10224      1.143     0.0006 0.0000e+00
   2836.692  -39.35538   59.68544   2435.000   2472.594     2.7335     2.7341   3.241751   3.241790    97.4860    -0.0431     1.6839      98.73          0  1039.1421  1039.1420    34.9259    34.9257    1502.28    1502.28   2836.692    6.10129   81.60593      1.097     0.0006   2435.000  1039.1417  1039.1415    34.9253    34.9251    1502.28    1502.28    6.10295      1.338     0.0006 0.0000e+00
   2837.413  -39.35537   59.68544   2436.000   2473.615     2.7305     2.7311   3.241528   3.241547    97.4908    -0.0438     1.6840      98.73          0  1039.1470  1039.1467    34.9258    34.9254    1502.28    1502.28   2837.413    6.10308   81.62383      1.280     0.0006   2436.000  1039.1466  1039.1462    34.9253    34.9249    1502.28    1502.28    6.10463      1.472     0.0006 0.0000e+00
   2838.077  -39.35536   59.68544   2437.000   2474.636     2.7298     2.7305   3.241515   3.241534    97.4813    -0.0443     1.6840      98.73          0  1039.1517  1039.1511    34.9258    34.9253    1502.30    1502.30   2838.077    6.10553   81.65527      1.418     0.0007   2437.000  1039.1514  1039.1509    34.9254    34.9249    1502.30    1502.30    6.10555      1.551     0.0007 0.0000e+00
   2838.727  -39.35534   59.68544   2438.000   2475.658     2.7302     2.7308   3.241614   3.241604    97.4936    -0.0452     1.6836      98.73          0  1039.1563  1039.1555    34.9258    34.9251    1502.32    1502.32   2838.727    6.10634   81.66700      1.517     0.0005   2438.000  1039.1561  1039.1554    34.9257    34.9250    1502.32    1502.32    6.10430      1.570     0.0005 0.0000e+00
   2839.376  -39.35534   59.68544   2439.000   2476.679     2.7303     2.7311   3.241655   3.241680    97.4873    -0.0439     1.6830      98.73          0  1039.1608  1039.1603    34.9258    34.9254    1502.33    1502.34   2839.376    6.10717   81.67831      1.567     0.0007   2439.000  1039.1605  1039.1600    34.9256    34.9251    1502.33    1502.34    6.10194      1.516     0.0007 0.0000e+00
   2840.076  -39.35534   59.68544   2440.000   2477.700     2.7300     2.7308   3.241667   3.241680    97.4854    -0.0446     1.6829      98.73          0  1039.1653  1039.1647    34.9258    34.9252    1502.35    1502.35   2840.076    6.10777   81.68571      1.547     0.0007   2440.000  1039.1650  1039.1644    34.9255    34.9249    1502.35    1502.35    6.10231      1.342     0.0007 0.0000e+00
   2840.966  -39.35534   59.68542   2441.000   2478.722     2.7295     2.7302   3.241644   3.241666    97.4839    -0.0439     1.6827      98.73          0  1039.1698  1039.1693    34.9256    34.9252    1502.36    1502.37   2840.966    6.10584   81.65878      1.360     0.0007   2441.000  1039.1696  1039.1691    34.9253    34.9249    1502.36    1502.37    6.10219      0.937     0.0007 0.0000e+00
   2843.831  -39.35534   59.68542   2442.000   2479.743     2.7311     2.7316   3.241820   3.241812    97.4796    -0.0441     1.6825      98.73          0  1039.1740  1039.1733    34.9254    34.9248    1502.39    1502.39   2843.831    6.10157   81.60463      0.202     0.0005   2442.000  1039.1738  1039.1732    34.9253    34.9247    1502.39    1502.39    6.10124      0.214     0.0005 0.0000e+00
   2845.652  -39.35534   59.68542   2443.000   2480.764     2.7291     2.7294   3.241668   3.241673    97.4762    -0.0435     1.6827      98.73          0  1039.1788  1039.1786    34.9255    34.9252    1502.40    1502.40   2845.652    6.10240   81.61187      0.619     0.0003   2443.000  1039.1785  1039.1783    34.9251    34.9249    1502.40    1502.40    6.10347      1.170     0.0003 0.0000e+00
   2846.404  -39.35533   59.68542   2444.000   2481.786     2.7256     2.7263   3.241368   3.241414    97.4881    -0.0430     1.6821      98.73          0  1039.1838  1039.1837    34.9255    34.9254    1502.40    1502.40   2846.404    6.10521   81.64228      1.068     0.0007   2444.000  1039.1833  1039.1830    34.9248    34.9246    1502.40    1502.40    6.10198      1.405     0.0007 0.0000e+00
   2847.099  -39.35532   59.68542   2445.000   2482.807     2.7209     2.7214   3.240988   3.241023    97.4751    -0.0439     1.6820      98.73          0  1039.1890  1039.1888    34.9253    34.9252    1502.40    1502.40   2847.099    6.10606   81.64413      1.338     0.0005   2445.000  1039.1885  1039.1882    34.9246    34.9245    1502.40    1502.40    6.10298      1.458     0.0005 0.0000e+00
   2847.802  -39.35532   59.68542   2446.000   2483.828     2.7193     2.7198   3.240903   3.240897    97.4754    -0.0439     1.6817      98.73          0  1039.1937  1039.1932    34.9252    34.9248    1502.41    1502.41   2847.802    6.10800   81.66682      1.449     0.0004   2446.000  1039.1934  1039.1929    34.9248    34.9243    1502.41    1502.41    6.10256      1.414     0.0004 0.0000e+00
   2848.548  -39.35531   59.68542   2447.000   2484.850     2.7196     2.7202   3.240986   3.240982    97.4811    -0.0449     1.6817      98.73          0  1039.1984  1039.1976    34.9254    34.9246    1502.42    1502.43   2848.548    6.10477   81.62421      1.433     0.0006   2447.000  1039.1981  1039.1975    34.9251    34.9244    1502.42    1502.43    6.10338      1.319     0.0006 0.0000e+00
   2849.360  -39.35530   59.68542   2448.000   2485.871     2.7192     2.7197   3.240957   3.240975    97.4787    -0.0439     1.6817      98.73          0  1039.2029  1039.2025    34.9253    34.9250    1502.44    1502.44   2849.360    6.10562   81.63478      1.340     0.0005   2448.000  1039.2024  1039.2021    34.9247    34.9244    1502.44    1502.44    6.10433      1.235     0.0005 0.0000e+00
   2850.203  -39.35530   59.68542   2449.000   2486.893     2.7114     2.7117   3.240230   3.240264    97.4761    -0.0442     1.6815      98.73          0  1039.2083  1039.2084    34.9250    34.9251    1502.42    1502.43   2850.203    6.10661   81.63206      1.246     0.0003   2449.000  1039.2073  1039.2074    34.9237    34.9238    1502.42    1502.42    6.10534      1.193     0.0003 0.0000e+00
   2851.073  -39.35530   59.68542   2450.000   2487.914     2.7062     2.7067   3.239812   3.239833    97.4801    -0.0445     1.6815      98.73          0  1039.2134  1039.2130    34.9246    34.9243    1502.42    1502.42   2851.073    6.10838   81.64493      1.198     0.0005   2450.000  1039.2126  1039.2124    34.9237    34.9234    1502.42    1502.42    6.10721      1.122     0.0005 0.0000e+00
   2852.068  -39.35530   59.68542   2451.000   2488.935     2.7047     2.7053   3.239716   3.239729    97.4795    -0.0444     1.6812      98.73          0  1039.2179  1039.2174    34.9243    34.9238    1502.43    1502.43   2852.068    6.10861   81.64477      1.115     0.0006   2451.000  1039.2174  1039.2169    34.9237    34.9232    1502.43    1502.43    6.10649      0.906     0.0006 0.0000e+00
   2853.474  -39.35528   59.68542   2452.000   2489.957     2.7038     2.7043   3.239665   3.239658    97.4828    -0.0444     1.6810      98.73          0  1039.2224  1039.2219    34.9242    34.9235    1502.44    1502.44   2853.474    6.10858   81.64249      0.803     0.0005   2452.000  1039.2220  1039.2214    34.9236    34.9230    1502.44    1502.44    6.10657      0.666     0.0005 0.0000e+00
   2854.921  -39.35528   59.68542   2453.000   2490.978     2.7003     2.7010   3.239360   3.239394    97.4867    -0.0441     1.6810      98.73          0  1039.2273  1039.2269    34.9239    34.9236    1502.44    1502.45   2854.921    6.10832   81.63181      0.663     0.0007   2453.000  1039.2267  1039.2264    34.9231    34.9228    1502.44    1502.45    6.10814      0.866     0.0007 0.0000e+00
   2855.945  -39.35528   59.68542   2454.000   2492.000     2.6973     2.6977   3.239134   3.239129    97.4883    -0.0442     1.6815      98.73          0  1039.2323  1039.2318    34.9238    34.9233    1502.45    1502.45   2855.945    6.10912   81.63633      0.878     0.0004   2454.000  1039.2318  1039.2313    34.9232    34.9226    1502.45    1502.45    6.11205      1.098     0.0004 0.0000e+00
   2856.819  -39.35528   59.68542   2455.000   2493.021     2.6967     2.6973   3.239125   3.239134    97.4805    -0.0438     1.6811      98.73          0  1039.2368  1039.2362    34.9237    34.9231    1502.46    1502.46   2856.819    6.11076   81.65694      1.080     0.0006   2455.000  1039.2365  1039.2358    34.9232    34.9226    1502.46    1502.46    6.11068      1.155     0.0006 0.0000e+00
   2857.725  -39.35528   59.68542   2456.000   2494.042     2.6959     2.6965   3.239086   3.239089    97.4856    -0.0442     1.6808      98.73          0  1039.2415  1039.2408    34.9236    34.9230    1502.48    1502.48   2857.725    6.11296   81.68465      1.153     0.0006   2456.000  1039.2410  1039.2405    34.9231    34.9225    1502.48    1502.48    6.11035      1.026     0.0006 0.0000e+00
   2859.038  -39.35526   59.68542   2457.000   2495.064     2.6952     2.6954   3.239051   3.239027    97.4878    -0.0448     1.6808      98.73          0  1039.2457  1039.2454    34.9232    34.9228    1502.49    1502.49   2859.038    6.11259   81.67831      0.906     0.0002   2457.000  1039.2455  1039.2451    34.9229    34.9224    1502.49    1502.49    6.11144      0.615     0.0002 0.0000e+00
   2861.219  -39.35523   59.68542   2458.000   2496.085     2.6949     2.6954   3.239046   3.239054    97.4854    -0.0437     1.6816      98.73          0  1039.2502  1039.2498    34.9231    34.9226    1502.51    1502.51   2861.219    6.11184   81.66753      0.375     0.0005   2458.000  1039.2499  1039.2495    34.9226    34.9223    1502.51    1502.51    6.11607      0.603     0.0005 0.0000e+00
   2862.319  -39.35523   59.68542   2459.000   2497.106     2.6912     2.6919   3.238779   3.238804    97.4883    -0.0446     1.6818      98.73          0  1039.2556  1039.2551    34.9234    34.9231    1502.51    1502.51   2862.319    6.11692   81.72808      0.722     0.0007   2459.000  1039.2551  1039.2548    34.9229    34.9225    1502.51    1502.51    6.11910      1.175     0.0007 0.0000e+00
