data/AT30_cruise/at30_013.cnv
* Sea-Bird SBE 9 Data File:
* FileName = C:\data\ctd\at30_013.hdr
* Software Version Seasave V 7.21f
* Temperature SN = 2265
* Conductivity SN = 3021
* Number of Bytes Per Scan = 40
* Number of Voltage Words = 5
* Number of Scans Averaged by the Deck Unit = 1
* NMEA Latitude = 59 53.87 N
* NMEA Longitude = 039 34.33 W
* NMEA UTC (Time) = Aug 23 2015  21:20:25
** cal / val for SUMO 2
# nquan = 36
# nvalues = 2992                        
# units = specified
# name 0 = timeS: Time, Elapsed [seconds]
# name 1 = longitude: Longitude [deg]
# name 2 = latitude: Latitude [deg]
# name 3 = depSM: Depth [salt water, m]
# name 4 = prDM: Pressure, Digiquartz [db]
# name 5 = t090C: Temperature [ITS-90, deg C]
# name 6 = t190C: Temperature, 2 [ITS-90, deg C]
# name 7 = c0S/m: Conductivity [S/m]
# name 8 = c1S/m: Conductivity, 2 [S/m]
# name 9 = CStarTr0: Beam Transmission, WET Labs C-Star [%]
# name 10 = flECO-AFL: Fluorescence, WET Labs ECO-AFL/FL [mg/m^3]
# name 11 = sbeox0V: Oxygen raw, SBE 43 [V]
# name 12 = altM: Altimeter [m]
# name 13 = nbf: Bottles Fired
# name 14 = density00: Density [density, Kg/m^3]
# name 15 = density11: Density, 2 [density, Kg/m^3]
# name 16 = sal00: Salinity, Practical [PSU]
# name 17 = sal11: Salinity, Practical, 2 [PSU]
# name 18 = svCM: Sound Velocity [Chen-Millero, m/s]
# name 19 = svCM1: Sound Velocity, 2 [Chen-Millero, m/s]
# name 20 = timeS: Time, Elapsed [seconds]
# name 21 = sbeox0ML/L: Oxygen, SBE 43 [ml/l]
# name 22 = sbeox0PS: Oxygen, SBE 43 [% saturation]
# name 23 = dz/dtM: Descent Rate [m/s]
# name 24 = T2-T190C: Temperature Difference, 2 - 1 [ITS-90, deg C]
# name 25 = depSM: Depth [salt water, m], lat = 59.8978
# name 26 = density00: Density [density, Kg/m^3]
# name 27 = density11: Density, 2 [density, Kg/m^3]
# name 28 = sal00: Salinity, Practical [PSU]
# name 29 = sal11: Salinity, Practical, 2 [PSU]
# name 30 = svCM: Sound Velocity [Chen-Millero, m/s]
# name 31 = svCM1: Sound Velocity, 2 [Chen-Millero, m/s]
# name 32 = sbeox0ML/L: Oxygen, SBE 43 [ml/l], WS = 2
# name 33 = dz/dtM: Descent Rate [m/s], WS = 2
# name 34 = T2-T190C: Temperature Difference, 2 - 1 [ITS-90, deg C]
# name 35 = flag: flag
# span 0 =     68.287,   4678.762       
# span 1 =  -39.57922,  -39.57229       
# span 2 =   59.89799,   59.90061       
# span 3 =      3.000,   1502.000       
# span 4 =      3.029,   1521.819       
# span 5 =     3.4545,     8.4892       
# span 6 =     3.4549,     8.4897       
# span 7 =   3.247796,   3.656987       
# span 8 =   3.247871,   3.656922       
# span 9 =    93.2187,    97.7931       
# span 10 =    -0.0832,     1.8234      
# span 11 =     1.8586,     2.5259      
# span 12 =      63.75,     100.50      
# span 13 =          0,         10      
# span 14 =  1027.1316,  1034.7578      
# span 15 =  1027.1309,  1034.7573      
# span 16 =    34.8383,    35.0269      
# span 17 =    34.8387,    35.0274      
# span 18 =    1471.85,    1490.08      
# span 19 =    1471.84,    1490.08      
# span 20 =     68.287,   4678.762      
# span 21 =    5.99412,    6.80085      
# span 22 =   82.08559,  101.30892      
# span 23 =     -1.822,      1.728      
# span 24 =    -0.1866,     0.0940      
# span 25 =      3.000,   1502.000      
# span 26 =  1027.1317,  1034.7578      
# span 27 =  1027.1310,  1034.7573      
# span 28 =    34.8339,    35.0267      
# span 29 =    34.8340,    35.0266      
# span 30 =    1471.84,    1490.08      
# span 31 =    1471.83,    1490.08      
# span 32 =    5.99506,    6.79064      
# span 33 =     -1.833,      1.726      
# span 34 =    -0.1866,     0.0940      
# span 35 = 0.0000e+00, 0.0000e+00      
# interval = meters: 1                  
# start_time = Aug 23 2015 21:20:25 [NMEA time, header]
# bad_flag = -9.990e-29
*END*
[from data line 1532]
   2098.195  -39.57620   59.89946   1462.000   1481.149     3.6662     3.6650   3.284966   3.284818    97.7269    -0.0512     1.8636      98.73          1  1034.5671  1034.5669    34.9310    34.9306    1489.59    1489.59   2098.195    6.02887   82.50790     -1.576    -0.0011   1462.000  1034.5675  1034.5673    34.9315    34.9310    1489.59    1489.59    6.03106     -1.218    -0.0011 0.0000e+00
   2099.296  -39.57620   59.89946   1461.000   1480.132     3.6668     3.6661   3.284977   3.284880    97.7241    -0.0512     1.8640      98.73          1  1034.5625  1034.5623    34.9312    34.9307    1489.58    1489.57   2099.296    6.02833   82.50176     -1.157    -0.0007   1461.000  1034.5629  1034.5625    34.9315    34.9311    1489.58    1489.57    6.03190     -0.771    -0.0007 0.0000e+00
   2100.892  -39.57620   59.89946   1460.000   1479.115     3.6661     3.6657   3.284879   3.284799    97.7184    -0.0516     1.8638      98.73          1  1034.5582  1034.5577    34.9314    34.9307    1489.56    1489.55   2100.892    6.03101   82.53723     -0.636    -0.0004   1460.000  1034.5583  1034.5580    34.9316    34.9310    1489.56    1489.55    6.03018     -0.663    -0.0004 0.0000e+00
   2102.230  -39.57620   59.89946   1459.000   1478.099     3.6671     3.6671   3.284911   3.284882    97.7097    -0.0517     1.8635      98.73          1  1034.5532  1034.5531    34.9311    34.9309    1489.54    1489.54   2102.230    6.03100   82.53907     -0.713    -0.0001   1459.000  1034.5535  1034.5532    34.9314    34.9311    1489.54    1489.54    6.02805     -0.873    -0.0001 0.0000e+00
   2103.290  -39.57620   59.89946   1458.000   1477.082     3.6667     3.6669   3.284783   3.284793    97.7261    -0.0515     1.8632      98.73          1  1034.5486  1034.5482    34.9309    34.9305    1489.52    1489.53   2103.290    6.02751   82.49032     -0.887     0.0002   1458.000  1034.5485  1034.5483    34.9308    34.9307    1489.52    1489.53    6.02602     -1.035     0.0002 0.0000e+00
   2104.209  -39.57620   59.89946   1457.000   1476.066     3.6635     3.6656   3.284399   3.284589    97.7335    -0.0512     1.8635      98.73          1  1034.5439  1034.5436    34.9303    34.9303    1489.49    1489.50   2104.209    6.02717   82.47878     -1.026     0.0022   1457.000  1034.5438  1034.5436    34.9302    34.9302    1489.49    1489.50    6.02708     -1.135     0.0022 0.0000e+00
   2105.087  -39.57620   59.89946   1456.000   1475.049     3.6628     3.6643   3.284286   3.284418    97.7414    -0.0515     1.8637      98.73          1  1034.5393  1034.5391    34.9301    34.9301    1489.47    1489.48   2105.087    6.02564   82.45642     -1.128     0.0015   1456.000  1034.5392  1034.5391    34.9301    34.9301    1489.47    1489.48    6.02746     -1.128     0.0015 0.0000e+00
   2106.027  -39.57620   59.89948   1455.000   1474.032     3.6621     3.6631   3.284179   3.284257    97.7477    -0.0527     1.8642      98.73          1  1034.5347  1034.5345    34.9300    34.9300    1489.45    1489.46   2106.027    6.02511   82.44777     -1.130     0.0010   1455.000  1034.5347  1034.5345    34.9300    34.9299    1489.45    1489.46    6.02874     -1.015     0.0010 0.0000e+00
   2107.113  -39.57622   59.89948   1454.000   1473.016     3.6619     3.6625   3.284120   3.284151    97.7504    -0.0514     1.8633      98.73          1  1034.5303  1034.5299    34.9301    34.9298    1489.44    1489.44   2107.113    6.02673   82.46944     -1.000     0.0006   1454.000  1034.5302  1034.5298    34.9301    34.9298    1489.44    1489.44    6.02422     -0.917     0.0006 0.0000e+00
   2108.213  -39.57622   59.89948   1453.000   1471.999     3.6630     3.6627   3.284184   3.284110    97.7391    -0.0524     1.8631      98.73          1  1034.5254  1034.5251    34.9301    34.9296    1489.42    1489.42   2108.213    6.02666   82.47072     -0.913    -0.0003   1453.000  1034.5255  1034.5251    34.9302    34.9296    1489.42    1489.42    6.02219     -0.984    -0.0003 0.0000e+00
   2109.185  -39.57622   59.89948   1452.000   1470.983     3.6634     3.6632   3.284180   3.284123    97.7538    -0.0512     1.8629      98.73          1  1034.5209  1034.5205    34.9302    34.9297    1489.41    1489.41   2109.185    6.02210   82.40907     -0.981    -0.0002   1452.000  1034.5209  1034.5205    34.9302    34.9297    1489.41    1489.41    6.02047     -1.099    -0.0002 0.0000e+00
   2110.076  -39.57622   59.89948   1451.000   1469.966     3.6643     3.6643   3.284238   3.284168    97.7586    -0.0515     1.8624      98.73          1  1034.5162  1034.5155    34.9302    34.9294    1489.40    1489.39   2110.076    6.02045   82.38854     -1.089     0.0000   1451.000  1034.5164  1034.5156    34.9304    34.9296    1489.40    1489.39    6.01730     -1.145     0.0000 0.0000e+00
   2110.965  -39.57622   59.89948   1450.000   1468.949     3.6658     3.6656   3.284322   3.284255    97.7492    -0.0518     1.8622      98.73          1  1034.5114  1034.5110    34.9302    34.9296    1489.38    1489.38   2110.965    6.01920   82.37432     -1.142    -0.0002   1450.000  1034.5115  1034.5110    34.9304    34.9298    1489.38    1489.38    6.01533     -1.120    -0.0002 0.0000e+00
   2111.898  -39.57622   59.89948   1449.000   1467.933     3.6666     3.6663   3.284359   3.284296    97.7442    -0.0518     1.8618      98.73          1  1034.5067  1034.5063    34.9303    34.9298    1489.37    1489.37   2111.898    6.01601   82.33235     -1.123    -0.0002   1449.000  1034.5068  1034.5065    34.9305    34.9300    1489.37    1489.37    6.01264     -1.062    -0.0002 0.0000e+00
   2112.879  -39.57622   59.89948   1448.000   1466.916     3.6670     3.6665   3.284353   3.284268    97.7523    -0.0515     1.8618      98.73          1  1034.5021  1034.5018    34.9303    34.9299    1489.36    1489.35   2112.879    6.01354   82.29935     -1.063    -0.0005   1448.000  1034.5022  1034.5018    34.9305    34.9300    1489.36    1489.35    6.01167     -1.036    -0.0005 0.0000e+00
   2113.856  -39.57623   59.89948   1447.000   1465.900     3.6683     3.6670   3.284437   3.284287    97.7606    -0.0512     1.8618      98.73          1  1034.4973  1034.4972    34.9303    34.9299    1489.34    1489.34   2113.856    6.01097   82.26691     -1.037    -0.0013   1447.000  1034.4974  1034.4973    34.9305    34.9301    1489.34    1489.34    6.01084     -1.055    -0.0013 0.0000e+00
   2114.803  -39.57624   59.89948   1446.000   1464.883     3.6697     3.6685   3.284518   3.284354    97.7598    -0.0519     1.8618      98.73          1  1034.4926  1034.4922    34.9303    34.9297    1489.33    1489.33   2114.803    6.00961   82.25095     -1.054    -0.0012   1446.000  1034.4927  1034.4924    34.9306    34.9299    1489.33    1489.33    6.00951     -1.082    -0.0012 0.0000e+00
   2115.743  -39.57624   59.89948   1445.000   1463.866     3.6710     3.6698   3.284597   3.284437    97.7660    -0.0521     1.8615      98.73          1  1034.4877  1034.4874    34.9303    34.9297    1489.32    1489.32   2115.743    6.00899   82.24496     -1.080    -0.0011   1445.000  1034.4880  1034.4877    34.9307    34.9300    1489.32    1489.32    6.00753     -1.061    -0.0011 0.0000e+00
   2116.730  -39.57624   59.89948   1444.000   1462.850     3.6743     3.6717   3.284868   3.284575    97.7620    -0.0518     1.8616      98.73          1  1034.4828  1034.4825    34.9304    34.9297    1489.32    1489.31   2116.730    6.00744   82.23058     -1.060    -0.0026   1444.000  1034.4830  1034.4829    34.9308    34.9301    1489.32    1489.31    6.00661     -0.966    -0.0026 0.0000e+00
   2117.929  -39.57623   59.89948   1443.000   1461.833     3.6773     3.6757   3.285132   3.284931    97.7653    -0.0518     1.8616      98.73          1  1034.4780  1034.4778    34.9308    34.9302    1489.31    1489.31   2117.929    6.00501   82.20348     -0.925    -0.0016   1443.000  1034.4784  1034.4781    34.9313    34.9306    1489.32    1489.31    6.00502     -0.738    -0.0016 0.0000e+00
   2119.531  -39.57623   59.89948   1442.000   1460.817     3.6805     3.6789   3.285384   3.285178    97.7529    -0.0517     1.8614      98.73          1  1034.4733  1034.4728    34.9310    34.9301    1489.31    1489.30   2119.531    6.00380   82.19342     -0.647    -0.0016   1442.000  1034.4735  1034.4731    34.9314    34.9306    1489.31    1489.30    6.00267     -0.661    -0.0016 0.0000e+00
   2120.831  -39.57624   59.89948   1441.000   1459.800     3.6825     3.6785   3.285500   3.285079    97.7531    -0.0521     1.8610      98.73          1  1034.4683  1034.4685    34.9309    34.9305    1489.30    1489.29   2120.831    6.00215   82.17479     -0.707    -0.0040   1441.000  1034.4685  1034.4684    34.9312    34.9304    1489.30    1489.29    6.00019     -0.986    -0.0040 0.0000e+00
   2121.726  -39.57624   59.89948   1440.000   1458.784     3.6821     3.6814   3.285398   3.285295    97.7572    -0.0501     1.8608      98.73          1  1034.4635  1034.4629    34.9307    34.9297    1489.28    1489.28   2121.726    6.00096   82.15755     -0.961    -0.0007   1440.000  1034.4637  1034.4634    34.9309    34.9304    1489.28    1489.28    5.99836     -1.264    -0.0007 0.0000e+00
   2122.460  -39.57624   59.89948   1439.000   1457.767     3.6826     3.6826   3.285403   3.285336    97.7521    -0.0534     1.8612      98.73          1  1034.4589  1034.4583    34.9307    34.9299    1489.27    1489.27   2122.460    6.00037   82.15051     -1.192    -0.0000   1439.000  1034.4591  1034.4585    34.9310    34.9302    1489.27    1489.27    5.99919     -1.440    -0.0000 0.0000e+00
   2123.137  -39.57624   59.89948   1438.000   1456.750     3.6830     3.6829   3.285379   3.285320    97.7587    -0.0516     1.8616      98.73          1  1034.4541  1034.4536    34.9305    34.9298    1489.25    1489.25   2123.137    5.99672   82.10124     -1.379    -0.0001   1438.000  1034.4542  1034.4539    34.9307    34.9301    1489.25    1489.25    6.00040     -1.526    -0.0001 0.0000e+00
   2123.792  -39.57624   59.89948   1437.000   1455.734     3.6839     3.6839   3.285450   3.285353    97.7484    -0.0521     1.8618      98.73          1  1034.4495  1034.4487    34.9306    34.9296    1489.24    1489.24   2123.792    5.99584   82.09107     -1.494    -0.0000   1437.000  1034.4498  1034.4490    34.9311    34.9300    1489.24    1489.24    6.00025     -1.522    -0.0000 0.0000e+00
   2124.469  -39.57624   59.89948   1436.000   1454.717     3.6864     3.6847   3.285615   3.285400    97.7602    -0.0512     1.8618      98.73          1  1034.4446  1034.4441    34.9306    34.9297    1489.23    1489.23   2124.469    5.99630   82.10241     -1.534    -0.0017   1436.000  1034.4448  1034.4445    34.9310    34.9302    1489.23    1489.23    5.99910     -1.415    -0.0017 0.0000e+00
   2125.246  -39.57624   59.89948   1435.000   1453.701     3.6872     3.6861   3.285656   3.285501    97.7170    -0.0531     1.8620      98.73          1  1034.4398  1034.4396    34.9306    34.9301    1489.22    1489.22   2125.246    5.99796   82.12659     -1.456    -0.0010   1435.000  1034.4402  1034.4398    34.9311    34.9304    1489.22    1489.22    5.99891     -1.170    -0.0010 0.0000e+00
   2126.392  -39.57624   59.89948   1434.000   1452.684     3.6881     3.6876   3.285689   3.285609    97.7557    -0.0522     1.8621      98.73          1  1034.4353  1034.4348    34.9309    34.9303    1489.21    1489.21   2126.392    5.99746   82.12185     -1.091    -0.0005   1434.000  1034.4354  1034.4352    34.9310    34.9306    1489.21    1489.21    5.99825     -0.697    -0.0005 0.0000e+00
   2128.524  -39.57626   59.89948   1433.000   1451.668     3.6864     3.6870   3.285506   3.285496    97.7555    -0.0521     1.8623      98.73          1  1034.4309  1034.4303    34.9308    34.9302    1489.18    1489.19   2128.524    5.99790   82.12433     -0.390     0.0006   1433.000  1034.4312  1034.4305    34.9312    34.9305    1489.18    1489.19    5.99863     -0.492     0.0006 0.0000e+00
   2129.897  -39.57626   59.89948   1432.000   1450.651     3.6908     3.6902   3.285791   3.285711    97.7544    -0.0514     1.8622      98.73          1  1034.4253  1034.4252    34.9302    34.9300    1489.18    1489.18   2129.897    5.99713   82.12221     -0.653    -0.0006   1432.000  1034.4254  1034.4252    34.9304    34.9301    1489.18    1489.18    5.99675     -0.982    -0.0006 0.0000e+00
   2130.787  -39.57626   59.89948   1431.000   1449.635     3.6905     3.6898   3.285738   3.285641    97.7352    -0.0516     1.8622      98.73          1  1034.4208  1034.4204    34.9303    34.9299    1489.17    1489.16   2130.787    5.99630   82.11044     -0.957    -0.0007   1431.000  1034.4209  1034.4207    34.9306    34.9301    1489.17    1489.16    5.99591     -1.226    -0.0007 0.0000e+00
   2131.556  -39.57626   59.89948   1430.000   1448.618     3.6907     3.6906   3.285723   3.285654    97.7555    -0.0516     1.8627      98.73          1  1034.4163  1034.4156    34.9306    34.9297    1489.15    1489.15   2131.556    5.99522   82.09608     -1.177    -0.0001   1430.000  1034.4165  1034.4159    34.9307    34.9300    1489.15    1489.15    5.99756     -1.349    -0.0001 0.0000e+00
   2132.291  -39.57626   59.89948   1429.000   1447.602     3.6911     3.6913   3.285711   3.285669    97.7601    -0.0520     1.8627      98.73          1  1034.4116  1034.4110    34.9305    34.9297    1489.14    1489.14   2132.291    5.99439   82.08559     -1.321     0.0002   1429.000  1034.4117  1034.4111    34.9306    34.9299    1489.14    1489.14    5.99657     -1.373     0.0002 0.0000e+00
   2133.040  -39.57626   59.89948   1428.000   1446.585     3.6911     3.6913   3.285659   3.285653    97.7503    -0.0516     1.8629      98.73          1  1034.4070  1034.4066    34.9304    34.9300    1489.12    1489.12   2133.040    5.99446   82.08647     -1.374     0.0002   1428.000  1034.4070  1034.4067    34.9305    34.9302    1489.12    1489.12    5.99698     -1.303     0.0002 0.0000e+00
   2133.864  -39.57626   59.89948   1427.000   1445.569     3.6919     3.6917   3.285697   3.285638    97.7572    -0.0508     1.8632      98.73          1  1034.4022  1034.4019    34.9304    34.9299    1489.10    1489.10   2133.864    5.99501   82.09557     -1.323    -0.0002   1427.000  1034.4025  1034.4020    34.9306    34.9301    1489.10    1489.10    5.99728     -1.153    -0.0002 0.0000e+00
   2134.832  -39.57626   59.89948   1426.000   1444.552     3.6932     3.6923   3.285789   3.285654    97.7596    -0.0512     1.8634      98.73          1  1034.3976  1034.3973    34.9306    34.9301    1489.09    1489.09   2134.832    5.99494   82.09736     -1.156    -0.0009   1426.000  1034.3978  1034.3975    34.9309    34.9303    1489.09    1489.09    5.99705     -0.980    -0.0009 0.0000e+00
   2135.954  -39.57626   59.89948   1425.000   1443.536     3.6941     3.6932   3.285829   3.285711    97.7513    -0.0512     1.8637      98.73          1  1034.3929  1034.3927    34.9307    34.9302    1489.08    1489.08   2135.954    5.99544   82.10602     -0.963    -0.0010   1425.000  1034.3931  1034.3929    34.9309    34.9305    1489.08    1489.08    5.99743     -0.883    -0.0010 0.0000e+00
   2137.110  -39.57627   59.89948   1424.000   1442.519     3.6942     3.6937   3.285764   3.285705    97.7546    -0.0512     1.8638      98.73          1  1034.3882  1034.3881    34.9304    34.9303    1489.06    1489.06   2137.110    5.99605   82.11443     -0.880    -0.0005   1424.000  1034.3882  1034.3882    34.9305    34.9303    1489.06    1489.06    5.99699     -0.904    -0.0005 0.0000e+00
