data/AT30_cruise/at30_013.cnv
* Sea-Bird SBE 9 Data File:
* FileName = C:\data\ctd\at30_013.hdr
* Software Version Seasave V 7.21f
* Temperature SN = 2265
* Conductivity SN = 3021
* Number of Bytes Per Scan = 40
* Number of Voltage Words = 5
* Number of Scans Averaged by the Deck Unit = 1
* NMEA Latitude = 59 53.87 N
* NMEA Longitude = 039 34.33 W
* NMEA UTC (Time) = Aug 23 2015  21:20:25
** cal / val for SUMO 2
# nquan = 36
# nvalues = 2992                        
# units = specified
# name 0 = timeS: Time, Elapsed [seconds]
# name 1 = longitude: Longitude [deg]
# name 2 = latitude: Latitude [deg]
# name 3 = depSM: Depth [salt water, m]
# name 4 = prDM: Pressure, Digiquartz [db]
# name 5 = t090C: Temperature [ITS-90, deg C]
# name 6 = t190C: Temperature, 2 [ITS-90, deg C]
# name 7 = c0S/m: Conductivity [S/m]
# name 8 = c1S/m: Conductivity, 2 [S/m]
# name 9 = CStarTr0: Beam Transmission, WET Labs C-Star [%]
# name 10 = flECO-AFL: Fluorescence, WET Labs ECO-AFL/FL [mg/m^3]
# name 11 = sbeox0V: Oxygen raw, SBE 43 [V]
# name 12 = altM: Altimeter [m]
# name 13 = nbf: Bottles Fired
# name 14 = density00: Density [density, Kg/m^3]
# name 15 = density11: Density, 2 [density, Kg/m^3]
# name 16 = sal00: Salinity, Practical [PSU]
# name 17 = sal11: Salinity, Practical, 2 [PSU]
# name 18 = svCM: Sound Velocity [Chen-Millero, m/s]
# name 19 = svCM1: Sound Velocity, 2 [Chen-Millero, m/s]
# name 20 = timeS: Time, Elapsed [seconds]
# name 21 = sbeox0ML/L: Oxygen, SBE 43 [ml/l]
# name 22 = sbeox0PS: Oxygen, SBE 43 [% saturation]
# name 23 = dz/dtM: Descent Rate [m/s]
# name 24 = T2-T190C: Temperature Difference, 2 - 1 [ITS-90, deg C]
# name 25 = depSM: Depth [salt water, m], lat = 59.8978
# name 26 = density00: Density [density, Kg/m^3]
# name 27 = density11: Density, 2 [density, Kg/m^3]
# name 28 = sal00: Salinity, Practical [PSU]
# name 29 = sal11: Salinity, Practical, 2 [PSU]
# name 30 = svCM: Sound Velocity [Chen-Millero, m/s]
# name 31 = svCM1: Sound Velocity, 2 [Chen-Millero, m/s]
# name 32 = sbeox0ML/L: Oxygen, SBE 43 [ml/l], WS = 2
# name 33 = dz/dtM: Descent Rate [m/s], WS = 2
# name 34 = T2-T190C: Temperature Difference, 2 - 1 [ITS-90, deg C]
# name 35 = flag: flag
# span 0 =     68.287,   4678.762       
# span 1 =  -39.57922,  -39.57229       
# span 2 =   59.89799,   59.90061       
# span 3 =      3.000,   1502.000       
# span 4 =      3.029,   1521.819       
# span 5 =     3.4545,     8.4892       
# span 6 =     3.4549,     8.4897       
# span 7 =   3.247796,   3.656987       
# span 8 =   3.247871,   3.656922       
# span 9 =    93.2187,    97.7931       
# span 10 =    -0.0832,     1.8234      
# span 11 =     1.8586,     2.5259      
# span 12 =      63.75,     100.50      
# span 13 =          0,         10      
# span 14 =  1027.1316,  1034.7578      
# span 15 =  1027.1309,  1034.7573      
# span 16 =    34.8383,    35.0269      
# span 17 =    34.8387,    35.0274      
# span 18 =    1471.85,    1490.08      
# span 19 =    1471.84,    1490.08      
# span 20 =     68.287,   4678.762      
# span 21 =    5.99412,    6.80085      
# span 22 =   82.08559,  101.30892      
# span 23 =     -1.822,      1.728      
# span 24 =    -0.1866,     0.0940      
# span 25 =      3.000,   1502.000      
# span 26 =  1027.1317,  1034.7578      
# span 27 =  1027.1310,  1034.7573      
# span 28 =    34.8339,    35.0267      
# span 29 =    34.8340,    35.0266      
# span 30 =    1471.84,    1490.08      
# span 31 =    1471.83,    1490.08      
# span 32 =    5.99506,    6.79064      
# span 33 =     -1.833,      1.726      
# span 34 =    -0.1866,     0.0940      
# span 35 = 0.0000e+00, 0.0000e+00      
# interval = meters: 1                  
# start_time = Aug 23 2015 21:20:25 [NMEA time, header]
# bad_flag = -9.990e-29
*END*
[from data line 2540]
   3289.831  -39.57738   59.89990    454.000    458.826     3.8731     3.8717   3.256999   3.256858    97.7274    -0.0517     2.1782      98.73          3  1029.8518  1029.8516    34.9052    34.9048    1473.49    1473.49   3289.831    6.48403   89.16850     -1.081    -0.0013    454.000  1029.8522  1029.8522    34.9058    34.9056    1473.49    1473.49    6.48467     -0.972    -0.0013 0.0000e+00
   3290.977  -39.57738   59.89990    453.000    457.814     3.8746     3.8735   3.257102   3.256988    97.7278    -0.0519     2.1780      98.73          3  1029.8470  1029.8470    34.9054    34.9052    1473.48    1473.48   3290.977    6.48467   89.18060     -0.947    -0.0011    453.000  1029.8475  1029.8475    34.9060    34.9058    1473.48    1473.48    6.48269     -0.845    -0.0011 0.0000e+00
   3292.187  -39.57738   59.89990    452.000    456.802     3.8788     3.8747   3.257502   3.257071    97.7294    -0.0520     2.1784      98.73          3  1029.8422  1029.8424    34.9057    34.9055    1473.48    1473.47   3292.187    6.48217   89.15556     -0.832    -0.0041    452.000  1029.8430  1029.8429    34.9068    34.9060    1473.48    1473.47    6.48277     -0.877    -0.0041 0.0000e+00
   3293.269  -39.57738   59.89990    451.000    455.791     3.8871     3.8785   3.258279   3.257404    97.7324    -0.0509     2.1781      98.73          3  1029.8373  1029.8372    34.9066    34.9053    1473.50    1473.46   3293.269    6.47870   89.12635     -0.887    -0.0086    451.000  1029.8381  1029.8380    34.9077    34.9064    1473.50    1473.47    6.47923     -0.992    -0.0086 0.0000e+00
   3294.236  -39.57738   59.89990    450.000    454.779     3.8905     3.8855   3.258554   3.258028    97.7324    -0.0519     2.1779      98.73          3  1029.8326  1029.8322    34.9072    34.9058    1473.50    1473.48   3294.236    6.47942   89.14406     -0.991    -0.0051    450.000  1029.8333  1029.8330    34.9079    34.9070    1473.50    1473.48    6.47700     -1.079    -0.0051 0.0000e+00
   3295.154  -39.57738   59.89990    449.000    453.767     3.8923     3.8898   3.258715   3.258424    97.7324    -0.0522     2.1779      98.73          3  1029.8280  1029.8278    34.9075    34.9068    1473.49    1473.48   3295.154    6.47691   89.11353     -1.076    -0.0025    449.000  1029.8287  1029.8284    34.9085    34.9076    1473.49    1473.48    6.47581     -1.088    -0.0025 0.0000e+00
   3296.111  -39.57738   59.89990    448.000    452.755     3.8954     3.8931   3.258975   3.258706    97.7324    -0.0515     2.1779      98.73          3  1029.8232  1029.8228    34.9078    34.9069    1473.49    1473.48   3296.111    6.47461   89.08871     -1.086    -0.0022    448.000  1029.8240  1029.8236    34.9088    34.9080    1473.49    1473.48    6.47419     -0.998    -0.0022 0.0000e+00
   3297.209  -39.57740   59.89990    447.000    451.744     3.8977     3.8952   3.259126   3.258883    97.7352    -0.0520     2.1779      98.73          3  1029.8185  1029.8186    34.9081    34.9078    1473.48    1473.47   3297.209    6.47334   89.07632     -0.983    -0.0025    447.000  1029.8190  1029.8191    34.9087    34.9085    1473.48    1473.47    6.47313     -0.883    -0.0025 0.0000e+00
   3298.380  -39.57738   59.89990    446.000    450.732     3.8986     3.8965   3.259164   3.258979    97.7342    -0.0512     2.1781      98.73          3  1029.8137  1029.8140    34.9080    34.9080    1473.47    1473.46   3298.380    6.47214   89.06178     -0.874    -0.0021    446.000  1029.8142  1029.8145    34.9087    34.9087    1473.47    1473.46    6.47297     -0.885    -0.0021 0.0000e+00
   3299.483  -39.57738   59.89990    445.000    449.720     3.9007     3.8966   3.259331   3.258924    97.7334    -0.0517     2.1786      98.73          3  1029.8091  1029.8092    34.9084    34.9080    1473.46    1473.44   3299.483    6.47126   89.05430     -0.892    -0.0041    445.000  1029.8096  1029.8097    34.9090    34.9086    1473.46    1473.44    6.47362     -0.937    -0.0041 0.0000e+00
   3300.547  -39.57738   59.89990    444.000    448.709     3.9038     3.8996   3.259590   3.259167    97.7373    -0.0526     2.1783      98.73          3  1029.8042  1029.8041    34.9086    34.9079    1473.46    1473.44   3300.547    6.47093   89.05659     -0.939    -0.0042    444.000  1029.8048  1029.8048    34.9094    34.9088    1473.46    1473.44    6.47074     -0.954    -0.0042 0.0000e+00
   3301.604  -39.57738   59.89990    443.000    447.697     3.9056     3.9027   3.259688   3.259408    97.7269    -0.0515     2.1779      98.73          3  1029.7994  1029.7994    34.9086    34.9084    1473.45    1473.44   3301.604    6.47087   89.05966     -0.955    -0.0029    443.000  1029.7998  1029.7999    34.9092    34.9089    1473.45    1473.44    6.46826     -0.972    -0.0029 0.0000e+00
   3302.627  -39.57738   59.89990    442.000    446.685     3.9054     3.9041   3.259621   3.259513    97.7326    -0.0522     2.1778      98.73          3  1029.7948  1029.7948    34.9087    34.9086    1473.43    1473.43   3302.627    6.46884   89.03136     -0.973    -0.0013    442.000  1029.7952  1029.7953    34.9091    34.9092    1473.43    1473.43    6.46700     -1.002    -0.0013 0.0000e+00
   3303.623  -39.57739   59.89990    441.000    445.674     3.9050     3.9047   3.259530   3.259503    97.7336    -0.0518     2.1779      98.73          3  1029.7902  1029.7902    34.9087    34.9086    1473.41    1473.41   3303.623    6.46701   89.00539     -1.002    -0.0003    441.000  1029.7904  1029.7904    34.9090    34.9090    1473.41    1473.41    6.46667     -1.048    -0.0003 0.0000e+00
   3304.545  -39.57740   59.89990    440.000    444.662     3.9042     3.9045   3.259380   3.259433    97.7299    -0.0519     2.1786      98.73          3  1029.7854  1029.7854    34.9085    34.9085    1473.39    1473.39   3304.545    6.46591   88.98832     -1.044     0.0003    440.000  1029.7855  1029.7856    34.9086    34.9089    1473.39    1473.40    6.46870     -1.148     0.0003 0.0000e+00
   3305.392  -39.57740   59.89990    439.000    443.650     3.9031     3.9041   3.259228   3.259341    97.7324    -0.0515     2.1797      98.73          3  1029.7808  1029.7809    34.9083    34.9086    1473.37    1473.38   3305.392    6.46523   88.97664     -1.134     0.0009    439.000  1029.7809  1029.7810    34.9084    34.9088    1473.37    1473.38    6.47244     -1.185     0.0009 0.0000e+00
   3306.270  -39.57740   59.89990    438.000    442.639     3.9028     3.9032   3.259165   3.259213    97.7313    -0.0515     2.1803      98.73          3  1029.7762  1029.7762    34.9084    34.9085    1473.35    1473.36   3306.270    6.46608   88.98766     -1.183     0.0004    438.000  1029.7764  1029.7764    34.9086    34.9087    1473.35    1473.36    6.47399     -1.083     0.0004 0.0000e+00
   3307.290  -39.57740   59.89990    437.000    441.627     3.9027     3.9029   3.259097   3.259135    97.7355    -0.0521     2.1803      98.73          3  1029.7715  1029.7716    34.9084    34.9085    1473.34    1473.34   3307.290    6.47052   89.04844     -1.076     0.0002    437.000  1029.7716  1029.7717    34.9085    34.9087    1473.34    1473.34    6.47302     -0.927     0.0002 0.0000e+00
   3308.441  -39.57740   59.89990    436.000    440.615     3.9024     3.9027   3.259029   3.259064    97.7311    -0.0514     2.1800      98.73          3  1029.7668  1029.7668    34.9084    34.9085    1473.32    1473.32   3308.441    6.47257   89.07610     -0.907     0.0003    436.000  1029.7670  1029.7670    34.9085    34.9086    1473.32    1473.32    6.47109     -0.873     0.0003 0.0000e+00
   3309.594  -39.57740   59.89990    435.000    439.604     3.9025     3.9026   3.258992   3.259016    97.7277    -0.0522     2.1804      98.73          3  1029.7621  1029.7622    34.9084    34.9085    1473.30    1473.30   3309.594    6.47153   89.06200     -0.876     0.0001    435.000  1029.7622  1029.7623    34.9084    34.9086    1473.30    1473.30    6.47167     -0.852     0.0001 0.0000e+00
   3310.871  -39.57739   59.89990    434.000    438.592     3.9043     3.9032   3.259135   3.259026    97.7247    -0.0514     2.1804      98.73          3  1029.7574  1029.7574    34.9085    34.9085    1473.29    1473.29   3310.871    6.46969   89.04053     -0.828    -0.0011    434.000  1029.7577  1029.7577    34.9089    34.9087    1473.29    1473.29    6.47074     -0.734    -0.0011 0.0000e+00
   3312.312  -39.57738   59.89990    433.000    437.580     3.9110     3.9071   3.259763   3.259354    97.7156    -0.0525     2.1806      98.73          3  1029.7523  1029.7524    34.9090    34.9086    1473.31    1473.29   3312.312    6.46904   89.04650     -0.704    -0.0039    433.000  1029.7529  1029.7528    34.9097    34.9090    1473.31    1473.29    6.46939     -0.766    -0.0039 0.0000e+00
   3313.470  -39.57740   59.89990    432.000    436.569     3.9130     3.9079   3.259883   3.259380    97.7328    -0.0522     2.1812      98.73          3  1029.7476  1029.7478    34.9092    34.9087    1473.30    1473.28   3313.470    6.46720   89.02557     -0.790    -0.0052    432.000  1029.7478  1029.7480    34.9095    34.9090    1473.30    1473.28    6.47033     -1.043    -0.0052 0.0000e+00
   3314.333  -39.57740   59.89992    431.000    435.557     3.9139     3.9121   3.259949   3.259757    97.7355    -0.0511     2.1824      98.73          3  1029.7430  1029.7426    34.9094    34.9086    1473.29    1473.28   3314.333    6.46676   89.02159     -1.008    -0.0018    431.000  1029.7434  1029.7433    34.9099    34.9095    1473.29    1473.28    6.47402     -1.294    -0.0018 0.0000e+00
   3315.051  -39.57742   59.89992    430.000    434.545     3.9160     3.9142   3.260104   3.259908    97.7323    -0.0512     2.1828      98.73          3  1029.7383  1029.7380    34.9097    34.9091    1473.28    1473.27   3315.051    6.46808   89.04446     -1.221    -0.0018    430.000  1029.7386  1029.7384    34.9100    34.9096    1473.28    1473.27    6.47433     -1.422    -0.0018 0.0000e+00
   3315.745  -39.57742   59.89992    429.000    433.534     3.9170     3.9157   3.260155   3.260011    97.7308    -0.0516     2.1839      98.73          3  1029.7335  1029.7333    34.9097    34.9092    1473.27    1473.26   3315.745    6.46812   89.04722     -1.383    -0.0013    429.000  1029.7339  1029.7338    34.9101    34.9098    1473.27    1473.26    6.47773     -1.421    -0.0013 0.0000e+00
   3316.478  -39.57742   59.89992    428.000    432.522     3.9197     3.9185   3.260198   3.260238    97.7203    -0.0527     2.1842      98.73          3  1029.7269  1029.7285    34.9077    34.9095    1473.26    1473.25   3316.478    6.47158   89.09940     -1.431    -0.0012    428.000  1029.7274  1029.7290    34.9083    34.9101    1473.26    1473.26    6.47751     -1.289    -0.0012 0.0000e+00
   3317.348  -39.57742   59.89992    427.000    431.510     3.9200     3.9186   3.260353   3.260224    97.7110    -0.0528     2.1842      98.73          3  1029.7240  1029.7242    34.9099    34.9100    1473.25    1473.24   3317.348    6.47321   89.12389     -1.311    -0.0014    427.000  1029.7244  1029.7245    34.9104    34.9103    1473.25    1473.24    6.47661     -1.051    -0.0014 0.0000e+00
   3318.474  -39.57740   59.89992    426.000    430.499     3.9233     3.9204   3.260665   3.260363    97.7187    -0.0528     2.1841      98.73          3  1029.7195  1029.7195    34.9105    34.9101    1473.24    1473.23   3318.474    6.47492   89.15475     -1.016    -0.0029    426.000  1029.7200  1029.7198    34.9111    34.9106    1473.24    1473.23    6.47478     -0.824    -0.0029 0.0000e+00
   3319.796  -39.57740   59.89991    425.000    429.487     3.9290     3.9240   3.261214   3.260668    97.7316    -0.0514     2.1843      98.73          3  1029.7146  1029.7146    34.9111    34.9104    1473.25    1473.23   3319.796    6.47325   89.14445     -0.787    -0.0050    425.000  1029.7155  1029.7151    34.9122    34.9109    1473.25    1473.23    6.47348     -0.755    -0.0050 0.0000e+00
   3321.112  -39.57740   59.89990    424.000    428.476     3.9390     3.9242   3.262136   3.260629    97.7306    -0.0522     2.1847      98.73          3  1029.7095  1029.7100    34.9120    34.9104    1473.28    1473.21   3321.112    6.47060   89.13013     -0.759    -0.0148    424.000  1029.7103  1029.7103    34.9130    34.9108    1473.28    1473.21    6.47266     -0.786    -0.0148 0.0000e+00
   3322.386  -39.57742   59.89990    423.000    427.464     3.9462     3.9343   3.262787   3.261567    97.7215    -0.0519     2.1840      98.73          3  1029.7043  1029.7041    34.9124    34.9104    1473.29    1473.24   3322.386    6.47054   89.14520     -0.790    -0.0120    423.000  1029.7053  1029.7052    34.9136    34.9118    1473.29    1473.24    6.46749     -0.801    -0.0120 0.0000e+00
   3323.611  -39.57742   59.89992    422.000    426.452     3.9497     3.9423   3.263087   3.262334    97.7326    -0.0520     2.1839      98.73          3  1029.6997  1029.6997    34.9130    34.9120    1473.29    1473.26   3323.611    6.46733   89.10880     -0.808    -0.0073    422.000  1029.7006  1029.7004    34.9140    34.9129    1473.29    1473.26    6.46590     -0.878    -0.0073 0.0000e+00
   3324.693  -39.57742   59.89992    421.000    425.441     3.9508     3.9459   3.263127   3.262650    97.7273    -0.0517     2.1840      98.73          3  1029.6951  1029.6948    34.9132    34.9122    1473.28    1473.26   3324.693    6.46524   89.08246     -0.889    -0.0048    421.000  1029.6957  1029.6958    34.9139    34.9134    1473.28    1473.26    6.46503     -0.988    -0.0048 0.0000e+00
   3325.667  -39.57742   59.89992    420.000    424.429     3.9517     3.9493   3.263176   3.262924    97.7278    -0.0515     2.1839      98.73          3  1029.6904  1029.6902    34.9133    34.9128    1473.27    1473.25   3325.667    6.46402   89.06767     -0.987    -0.0024    420.000  1029.6909  1029.6909    34.9140    34.9136    1473.27    1473.26    6.46360     -1.071    -0.0024 0.0000e+00
   3326.584  -39.57742   59.89992    419.000    423.418     3.9535     3.9515   3.263291   3.263106    97.7080    -0.0515     2.1838      98.73          3  1029.6855  1029.6855    34.9134    34.9130    1473.26    1473.25   3326.584    6.46304   89.05802     -1.067    -0.0019    419.000  1029.6862  1029.6863    34.9141    34.9139    1473.26    1473.25    6.46212     -1.126    -0.0019 0.0000e+00
   3327.465  -39.57742   59.89992    418.000    422.406     3.9564     3.9531   3.263565   3.263206    97.7288    -0.0512     2.1839      98.73          3  1029.6809  1029.6808    34.9138    34.9131    1473.25    1473.24   3327.465    6.46143   89.04231     -1.121    -0.0033    418.000  1029.6816  1029.6814    34.9148    34.9140    1473.25    1473.24    6.46120     -1.151    -0.0033 0.0000e+00
   3328.346  -39.57742   59.89992    417.000    421.395     3.9580     3.9553   3.263641   3.263368    97.7253    -0.0518     2.1840      98.73          3  1029.6760  1029.6760    34.9138    34.9133    1473.24    1473.23   3328.346    6.45964   89.02132     -1.149    -0.0028    417.000  1029.6765  1029.6766    34.9144    34.9141    1473.24    1473.23    6.46028     -1.148    -0.0028 0.0000e+00
   3329.227  -39.57742   59.89992    416.000    420.383     3.9598     3.9574   3.263753   3.263538    97.7261    -0.0522     2.1837      98.73          3  1029.6711  1029.6713    34.9138    34.9137    1473.23    1473.22   3329.227    6.45909   89.01751     -1.149    -0.0024    416.000  1029.6716  1029.6719    34.9144    34.9144    1473.23    1473.22    6.45801     -1.150    -0.0024 0.0000e+00
