data/AT30_cruise/at30_011.cnv
* Sea-Bird SBE 9 Data File:
* FileName = C:\data\ctd\at30_011.hdr
* Software Version Seasave V 7.21f
* Temperature SN = 2265
* Conductivity SN = 3021
* Number of Bytes Per Scan = 40
* Number of Voltage Words = 5
* Number of Scans Averaged by the Deck Unit = 1
* NMEA Latitude = 59 41.19 N
* NMEA Longitude = 039 21.93 W
* NMEA UTC (Time) = Aug 21 2015  19:14:51
** cal val post deployment at FLMB2
# nquan = 36
# nvalues = 5620                        
# units = specified
# name 0 = timeS: Time, Elapsed [seconds]
# name 1 = longitude: Longitude [deg]
# name 2 = latitude: Latitude [deg]
# name 3 = depSM: Depth [salt water, m]
# name 4 = prDM: Pressure, Digiquartz [db]
# name 5 = t090C: Temperature [ITS-90, deg C]
# name 6 = t190C: Temperature, 2 [ITS-90, deg C]
# name 7 = c0S/m: Conductivity [S/m]
# name 8 = c1S/m: Conductivity, 2 [S/m]
# name 9 = CStarTr0: Beam Transmission, WET Labs C-Star [%]
# name 10 = flECO-AFL: Fluorescence, WET Labs ECO-AFL/FL [mg/m^3]
# name 11 = sbeox0V: Oxygen raw, SBE 43 [V]
# name 12 = altM: Altimeter [m]
# name 13 = nbf: Bottles Fired
# name 14 = density00: Density [density, Kg/m^3]
# name 15 = density11: Density, 2 [density, Kg/m^3]
# name 16 = sal00: Salinity, Practical [PSU]
# name 17 = sal11: Salinity, Practical, 2 [PSU]
# name 18 = svCM: Sound Velocity [Chen-Millero, m/s]
# name 19 = svCM1: Sound Velocity, 2 [Chen-Millero, m/s]
# name 20 = timeS: Time, Elapsed [seconds]
# name 21 = sbeox0ML/L: Oxygen, SBE 43 [ml/l]
# name 22 = sbeox0PS: Oxygen, SBE 43 [% saturation]
# name 23 = dz/dtM: Descent Rate [m/s]
# name 24 = T2-T190C: Temperature Difference, 2 - 1 [ITS-90, deg C]
# name 25 = depSM: Depth [salt water, m], lat = 59.6865
# name 26 = density00: Density [density, Kg/m^3]
# name 27 = density11: Density, 2 [density, Kg/m^3]
# name 28 = sal00: Salinity, Practical [PSU]
# name 29 = sal11: Salinity, Practical, 2 [PSU]
# name 30 = svCM: Sound Velocity [Chen-Millero, m/s]
# name 31 = svCM1: Sound Velocity, 2 [Chen-Millero, m/s]
# name 32 = sbeox0ML/L: Oxygen, SBE 43 [ml/l], WS = 2
# name 33 = dz/dtM: Descent Rate [m/s], WS = 2
# name 34 = T2-T190C: Temperature Difference, 2 - 1 [ITS-90, deg C]
# name 35 = flag: flag
# span 0 =     30.320,   7783.471       
# span 1 =  -39.36548,  -39.33056       
# span 2 =   59.68236,   59.68650       
# span 3 =      1.000,   2811.000       
# span 4 =      1.009,   2856.943       
# span 5 =     1.5245,     8.7308       
# span 6 =     1.5254,     8.7304       
# span 7 =   3.148526,   3.676690       
# span 8 =   3.148560,   3.676630       
# span 9 =    93.6213,    97.5300       
# span 10 =    -0.0815,     1.9288      
# span 11 =     1.6755,     2.5431      
# span 12 =      18.93,     106.79      
# span 13 =          0,         12      
# span 14 =  1027.0594,  1041.0105      
# span 15 =  1027.0588,  1041.0099      
# span 16 =    34.8433,    34.9354      
# span 17 =    34.8400,    34.9380      
# span 18 =    1469.10,    1503.53      
# span 19 =    1469.11,    1503.53      
# span 20 =     30.320,   7783.471      
# span 21 =    6.00616,    7.00968      
# span 22 =   81.29258,  102.00510      
# span 23 =     -2.042,      1.733      
# span 24 =    -0.2827,     0.1060      
# span 25 =      1.000,   2811.000      
# span 26 =  1027.0600,  1041.0105      
# span 27 =  1027.0595,  1041.0100      
# span 28 =    34.8341,    34.9384      
# span 29 =    34.8459,    34.9405      
# span 30 =    1469.10,    1503.53      
# span 31 =    1469.10,    1503.53      
# span 32 =    6.00379,    7.01181      
# span 33 =     -2.044,      1.738      
# span 34 =    -0.2827,     0.1060      
# span 35 = 0.0000e+00, 0.0000e+00      
# interval = meters: 1                  
# start_time = Aug 21 2015 19:14:51 [NMEA time, header]
# bad_flag = -9.990e-29
*END*
[from data line 4152]
   5173.323  -39.34445   59.68430   1468.000   1487.224     3.6267     3.6267   3.281492   3.281466    97.4502    -0.0441     1.8582      98.73          4  1034.5981  1034.5979    34.9288    34.9285    1489.52    1489.52   5173.323    6.01452   82.23119     -1.379    -0.0001   1468.000  1034.5984  1034.5981    34.9290    34.9288    1489.52    1489.52    6.01847     -1.126    -0.0001 0.0000e+00
   5174.462  -39.34443   59.68430   1467.000   1486.207     3.6275     3.6273   3.281544   3.281493    97.4521    -0.0445     1.8585      98.73          4  1034.5938  1034.5934    34.9290    34.9286    1489.51    1489.51   5174.462    6.01586   82.25127     -1.063    -0.0002   1467.000  1034.5939  1034.5936    34.9293    34.9289    1489.51    1489.51    6.01872     -0.768    -0.0002 0.0000e+00
   5175.996  -39.34440   59.68428   1466.000   1485.190     3.6284     3.6286   3.281576   3.281563    97.4595    -0.0439     1.8588      98.73          4  1034.5889  1034.5887    34.9290    34.9287    1489.50    1489.50   5175.996    6.01772   82.27847     -0.669     0.0002   1466.000  1034.5891  1034.5889    34.9292    34.9289    1489.50    1489.50    6.01928     -0.676     0.0002 0.0000e+00
   5177.386  -39.34439   59.68428   1465.000   1484.174     3.6292     3.6282   3.281587   3.281475    97.4496    -0.0441     1.8594      98.73          4  1034.5841  1034.5841    34.9289    34.9286    1489.48    1489.48   5177.386    6.01725   82.27359     -0.709    -0.0011   1465.000  1034.5842  1034.5842    34.9290    34.9288    1489.48    1489.48    6.02087     -0.766    -0.0011 0.0000e+00
   5178.667  -39.34438   59.68428   1464.000   1483.157     3.6296     3.6298   3.281585   3.281573    97.4500    -0.0431     1.8598      98.73          4  1034.5795  1034.5792    34.9288    34.9286    1489.47    1489.47   5178.667    6.01886   82.29644     -0.779     0.0001   1464.000  1034.5796  1034.5793    34.9291    34.9288    1489.47    1489.47    6.02174     -0.865     0.0001 0.0000e+00
   5179.729  -39.34439   59.68428   1463.000   1482.140     3.6307     3.6306   3.281641   3.281595    97.4577    -0.0435     1.8596      98.73          4  1034.5747  1034.5743    34.9288    34.9284    1489.45    1489.45   5179.729    6.02017   82.31657     -0.875    -0.0001   1463.000  1034.5748  1034.5746    34.9291    34.9287    1489.46    1489.45    6.01998     -1.095    -0.0001 0.0000e+00
   5180.565  -39.34440   59.68428   1462.000   1481.124     3.6321     3.6321   3.281720   3.281687    97.4597    -0.0438     1.8598      98.73          4  1034.5699  1034.5695    34.9289    34.9283    1489.44    1489.44   5180.565    6.01988   82.31527     -1.058     0.0001   1462.000  1034.5701  1034.5697    34.9291    34.9286    1489.44    1489.44    6.01968     -1.300     0.0001 0.0000e+00
   5181.301  -39.34440   59.68428   1461.000   1480.107     3.6330     3.6336   3.281774   3.281768    97.4432    -0.0448     1.8605      98.73          4  1034.5653  1034.5647    34.9290    34.9283    1489.43    1489.43   5181.301    6.01790   82.29011     -1.247     0.0006   1461.000  1034.5656  1034.5649    34.9293    34.9286    1489.43    1489.43    6.02216     -1.403     0.0006 0.0000e+00
   5182.013  -39.34440   59.68428   1460.000   1479.090     3.6333     3.6339   3.281754   3.281781    97.4498    -0.0443     1.8614      98.73          4  1034.5607  1034.5603    34.9291    34.9286    1489.42    1489.42   5182.013    6.01811   82.29371     -1.380     0.0006   1460.000  1034.5608  1034.5604    34.9292    34.9288    1489.42    1489.42    6.02500     -1.391     0.0006 0.0000e+00
   5182.770  -39.34438   59.68428   1459.000   1478.074     3.6336     3.6342   3.281742   3.281763    97.4590    -0.0439     1.8614      98.73          4  1034.5562  1034.5557    34.9291    34.9287    1489.40    1489.40   5182.770    6.01748   82.28564     -1.403     0.0006   1459.000  1034.5563  1034.5559    34.9292    34.9289    1489.40    1489.40    6.02452     -1.237     0.0006 0.0000e+00
   5183.718  -39.34438   59.68428   1458.000   1477.057     3.6336     3.6341   3.281703   3.281724    97.4616    -0.0439     1.8613      98.73          4  1034.5515  1034.5514    34.9291    34.9290    1489.38    1489.38   5183.718    6.02229   82.35145     -1.236     0.0004   1458.000  1034.5516  1034.5515    34.9293    34.9291    1489.38    1489.38    6.02328     -0.914     0.0004 0.0000e+00
   5185.286  -39.34436   59.68428   1457.000   1476.040     3.6333     3.6337   3.281631   3.281645    97.4604    -0.0446     1.8608      98.73          4  1034.5471  1034.5468    34.9292    34.9289    1489.36    1489.37   5185.286    6.02315   82.36258     -0.721     0.0004   1457.000  1034.5471  1034.5469    34.9293    34.9290    1489.36    1489.37    6.02016     -0.551     0.0004 0.0000e+00
   5186.910  -39.34436   59.68428   1456.000   1475.024     3.6340     3.6346   3.281646   3.281670    97.4483    -0.0438     1.8608      98.73          4  1034.5422  1034.5419    34.9290    34.9287    1489.35    1489.35   5186.910    6.01938   82.31248     -0.577     0.0006   1456.000  1034.5424  1034.5420    34.9292    34.9288    1489.35    1489.35    6.01914     -0.856     0.0006 0.0000e+00
   5187.896  -39.34436   59.68428   1455.000   1474.007     3.6345     3.6347   3.281639   3.281620    97.4473    -0.0442     1.8611      98.73          4  1034.5375  1034.5372    34.9289    34.9286    1489.34    1489.34   5187.896    6.01876   82.30486     -0.867     0.0002   1455.000  1034.5376  1034.5374    34.9291    34.9287    1489.34    1489.34    6.01977     -1.176     0.0002 0.0000e+00
   5188.676  -39.34435   59.68428   1454.000   1472.991     3.6370     3.6370   3.281845   3.281784    97.4557    -0.0442     1.8618      98.73          4  1034.5326  1034.5320    34.9290    34.9282    1489.33    1489.33   5188.676    6.01752   82.29301     -1.118     0.0000   1454.000  1034.5330  1034.5323    34.9294    34.9286    1489.33    1489.33    6.02175     -1.360     0.0000 0.0000e+00
   5189.389  -39.34434   59.68428   1453.000   1471.974     3.6385     3.6388   3.281918   3.281912    97.4480    -0.0455     1.8622      98.73          4  1034.5277  1034.5273    34.9289    34.9285    1489.32    1489.32   5189.389    6.01609   82.27631     -1.305     0.0003   1453.000  1034.5280  1034.5276    34.9292    34.9288    1489.32    1489.32    6.02235     -1.416     0.0003 0.0000e+00
   5190.108  -39.34434   59.68428   1452.000   1470.957     3.6403     3.6401   3.282062   3.281996    97.4530    -0.0439     1.8624      98.73          4  1034.5229  1034.5227    34.9291    34.9286    1489.31    1489.31   5190.108    6.01734   82.29724     -1.407    -0.0002   1452.000  1034.5233  1034.5229    34.9294    34.9289    1489.31    1489.31    6.02216     -1.356    -0.0002 0.0000e+00
   5190.896  -39.34434   59.68428   1451.000   1469.941     3.6413     3.6412   3.282114   3.282066    97.4529    -0.0435     1.8633      98.73          4  1034.5184  1034.5181    34.9292    34.9287    1489.30    1489.30   5190.896    6.01954   82.32936     -1.381    -0.0002   1451.000  1034.5187  1034.5183    34.9295    34.9291    1489.30    1489.30    6.02517     -1.173    -0.0002 0.0000e+00
   5191.952  -39.34432   59.68428   1450.000   1468.924     3.6419     3.6412   3.282118   3.282036    97.4419    -0.0443     1.8634      98.73          4  1034.5138  1034.5138    34.9293    34.9291    1489.28    1489.28   5191.952    6.02051   82.34387     -1.137    -0.0007   1450.000  1034.5139  1034.5138    34.9295    34.9292    1489.28    1489.28    6.02492     -0.795    -0.0007 0.0000e+00
   5193.714  -39.34432   59.68428   1449.000   1467.908     3.6411     3.6413   3.282014   3.282003    97.4528    -0.0445     1.8641      98.73          4  1034.5093  1034.5090    34.9293    34.9290    1489.26    1489.26   5193.714    6.02463   82.39867     -0.585     0.0001   1449.000  1034.5095  1034.5093    34.9296    34.9293    1489.26    1489.26    6.02714     -0.567     0.0001 0.0000e+00
   5195.134  -39.34432   59.68428   1448.000   1466.891     3.6435     3.6432   3.282168   3.282101    97.4534    -0.0438     1.8641      98.73          4  1034.5044  1034.5042    34.9293    34.9289    1489.26    1489.25   5195.134    6.02417   82.39706     -0.648    -0.0003   1448.000  1034.5044  1034.5042    34.9294    34.9289    1489.26    1489.25    6.02604     -0.943    -0.0003 0.0000e+00
   5196.064  -39.34432   59.68428   1447.000   1465.875     3.6426     3.6439   3.282048   3.282129    97.4597    -0.0442     1.8644      98.73          4  1034.4999  1034.4993    34.9292    34.9287    1489.23    1489.24   5196.064    6.02686   82.43220     -0.931     0.0012   1447.000  1034.5000  1034.4995    34.9294    34.9290    1489.23    1489.24    6.02662     -1.178     0.0012 0.0000e+00
   5196.879  -39.34432   59.68428   1446.000   1464.858     3.6439     3.6450   3.282142   3.282187    97.4335    -0.0446     1.8641      98.73          4  1034.4951  1034.4946    34.9294    34.9288    1489.22    1489.23   5196.879    6.02531   82.41368     -1.147     0.0011   1446.000  1034.4954  1034.4948    34.9296    34.9290    1489.22    1489.23    6.02453     -1.236     0.0011 0.0000e+00
   5197.715  -39.34430   59.68428   1445.000   1463.841     3.6445     3.6453   3.282130   3.282161    97.4456    -0.0442     1.8645      98.73          4  1034.4904  1034.4900    34.9292    34.9288    1489.21    1489.21   5197.715    6.02440   82.40226     -1.233     0.0007   1445.000  1034.4905  1034.4901    34.9294    34.9290    1489.21    1489.21    6.02544     -1.162     0.0007 0.0000e+00
   5198.645  -39.34428   59.68428   1444.000   1462.825     3.6450     3.6452   3.282124   3.282127    97.4346    -0.0439     1.8645      98.73          4  1034.4857  1034.4855    34.9292    34.9289    1489.19    1489.19   5198.645    6.02241   82.37591     -1.167     0.0003   1444.000  1034.4858  1034.4856    34.9293    34.9291    1489.19    1489.19    6.02461     -1.064     0.0003 0.0000e+00
   5199.615  -39.34428   59.68428   1443.000   1461.808     3.6456     3.6455   3.282145   3.282113    97.4604    -0.0442     1.8645      98.73          4  1034.4811  1034.4808    34.9292    34.9289    1489.18    1489.18   5199.615    6.02389   82.39732     -1.063    -0.0000   1443.000  1034.4812  1034.4810    34.9294    34.9291    1489.18    1489.18    6.02366     -1.079    -0.0000 0.0000e+00
   5200.523  -39.34428   59.68428   1442.000   1460.792     3.6479     3.6462   3.282281   3.282124    97.4613    -0.0442     1.8646      98.73          4  1034.4758  1034.4761    34.9289    34.9288    1489.17    1489.16   5200.523    6.02267   82.38513     -1.074    -0.0016   1442.000  1034.4761  1034.4762    34.9291    34.9290    1489.17    1489.16    6.02298     -1.150    -0.0016 0.0000e+00
   5201.391  -39.34428   59.68428   1441.000   1459.775     3.6484     3.6480   3.282285   3.282228    97.4511    -0.0439     1.8651      98.73          4  1034.4712  1034.4711    34.9289    34.9287    1489.16    1489.15   5201.391    6.02174   82.37354     -1.143    -0.0005   1441.000  1034.4714  1034.4713    34.9291    34.9289    1489.16    1489.15    6.02438     -1.133    -0.0005 0.0000e+00
   5202.341  -39.34428   59.68428   1440.000   1458.759     3.6492     3.6494   3.282281   3.282294    97.4544    -0.0436     1.8657      98.73          4  1034.4662  1034.4661    34.9286    34.9284    1489.14    1489.14   5202.341    6.02133   82.36929     -1.134     0.0002   1440.000  1034.4664  1034.4663    34.9287    34.9287    1489.14    1489.14    6.02596     -0.947     0.0002 0.0000e+00
   5203.703  -39.34427   59.68428   1439.000   1457.742     3.6499     3.6494   3.282294   3.282252    97.4446    -0.0439     1.8653      98.73          4  1034.4615  1034.4615    34.9285    34.9285    1489.13    1489.13   5203.703    6.02366   82.40255     -0.842    -0.0005   1439.000  1034.4617  1034.4617    34.9287    34.9286    1489.13    1489.13    6.02334     -0.664    -0.0005 0.0000e+00
   5205.185  -39.34426   59.68426   1438.000   1456.726     3.6504     3.6508   3.282287   3.282301    97.4521    -0.0439     1.8657      98.73          4  1034.4568  1034.4565    34.9284    34.9282    1489.11    1489.11   5205.185    6.02295   82.39371     -0.643     0.0003   1438.000  1034.4569  1034.4567    34.9285    34.9283    1489.11    1489.11    6.02435     -0.862     0.0003 0.0000e+00
   5206.177  -39.34426   59.68426   1437.000   1455.709     3.6511     3.6511   3.282289   3.282272    97.4533    -0.0446     1.8661      98.73          4  1034.4519  1034.4518    34.9282    34.9280    1489.10    1489.10   5206.177    6.02227   82.38579     -0.874    -0.0000   1437.000  1034.4520  1034.4519    34.9283    34.9282    1489.10    1489.10    6.02500     -1.123    -0.0000 0.0000e+00
   5207.027  -39.34426   59.68426   1436.000   1454.693     3.6513     3.6516   3.282277   3.282271    97.4435    -0.0442     1.8659      98.73          4  1034.4474  1034.4471    34.9283    34.9280    1489.08    1489.08   5207.027    6.02245   82.38877     -1.096     0.0002   1436.000  1034.4475  1034.4473    34.9284    34.9282    1489.08    1489.08    6.02309     -1.176     0.0002 0.0000e+00
   5207.917  -39.34424   59.68428   1435.000   1453.676     3.6520     3.6524   3.282268   3.282295    97.4527    -0.0448     1.8658      98.73          4  1034.4425  1034.4423    34.9280    34.9279    1489.07    1489.07   5207.917    6.02306   82.39838     -1.176     0.0004   1435.000  1034.4425  1034.4424    34.9281    34.9280    1489.07    1489.07    6.02216     -1.049     0.0004 0.0000e+00
   5209.031  -39.34424   59.68428   1434.000   1452.660     3.6523     3.6526   3.282239   3.282250    97.4626    -0.0441     1.8658      98.73          4  1034.4376  1034.4375    34.9278    34.9277    1489.05    1489.05   5209.031    6.02168   82.37994     -1.018     0.0002   1434.000  1034.4377  1034.4376    34.9280    34.9278    1489.05    1489.05    6.02111     -0.839     0.0002 0.0000e+00
   5210.267  -39.34423   59.68427   1433.000   1451.643     3.6533     3.6534   3.282275   3.282265    97.4624    -0.0441     1.8660      98.73          4  1034.4329  1034.4327    34.9278    34.9275    1489.04    1489.04   5210.267    6.02050   82.36569     -0.817     0.0001   1433.000  1034.4330  1034.4327    34.9279    34.9277    1489.04    1489.04    6.02114     -0.938     0.0001 0.0000e+00
   5211.210  -39.34422   59.68426   1432.000   1450.627     3.6530     3.6536   3.282192   3.282224    97.4556    -0.0446     1.8665      98.73          4  1034.4282  1034.4279    34.9276    34.9273    1489.02    1489.02   5211.210    6.01945   82.35072     -0.930     0.0006   1432.000  1034.4282  1034.4280    34.9277    34.9274    1489.02    1489.02    6.02247     -1.208     0.0006 0.0000e+00
   5211.986  -39.34422   59.68426   1431.000   1449.610     3.6527     3.6536   3.282102   3.282153    97.4636    -0.0443     1.8671      98.73          4  1034.4236  1034.4232    34.9275    34.9271    1489.00    1489.01   5211.986    6.01899   82.34377     -1.155     0.0009   1431.000  1034.4236  1034.4231    34.9275    34.9271    1489.00    1489.01    6.02437     -1.304     0.0009 0.0000e+00
   5212.778  -39.34422   59.68426   1430.000   1448.594     3.6520     3.6529   3.281984   3.282042    97.4636    -0.0442     1.8671      98.73          4  1034.4189  1034.4186    34.9273    34.9270    1488.98    1488.99   5212.778    6.02047   82.36253     -1.288     0.0009   1430.000  1034.4188  1034.4186    34.9273    34.9270    1488.98    1488.99    6.02365     -1.173     0.0009 0.0000e+00
